code,date,open,high,low,close,change,volume,money,traded_market_value,market_value,turnover,adjust_price,report_type,report_date,PE_TTM,PS_TTM,PC_TTM,PB
sh600053,2014-12-31,8.44,8.54,8.18,8.5,0.013111000000000001,3622531.0,30223397.0,3685096800.0,3685096800.0,0.008355686477489547,18.13991057507462,2014-09-30 00:00:00,2014-10-21 00:00:00,68.66407369706172,6.270231170323174,9.677846310043071,4.392671131879944
sh600053,2014-12-30,8.71,8.77,8.3,8.39,-0.036739,2683865.0,22824164.0,3637407310.0,3637407310.0,0.006190570763987386,17.90515607379114,2014-09-30 00:00:00,2014-10-21 00:00:00,67.77546951623437,6.189086062951811,9.552602143341716,4.335824141559952
sh600053,2014-12-29,8.71,8.9,8.52,8.71,0.0,3400452.0,29647130.0,3776140370.0,3776140370.0,0.007843441720361683,18.5880629173102,2014-09-30 00:00:00,2014-10-21 00:00:00,70.36044178704874,6.42513925400469,9.916940624962201,4.5011934891581316
sh600053,2014-12-26,8.63,8.8,8.55,8.71,0.010440999999999999,2629682.0,22906514.0,3776140370.0,3776140370.0,0.00606559290061561,18.5880629173102,2014-09-30 00:00:00,2014-10-21 00:00:00,70.36044178704874,6.42513925400469,9.916940624962201,4.5011934891581316
sh600053,2014-12-25,8.52,8.63,8.45,8.62,0.011737000000000001,2366200.0,20138111.0,3737121700.0,3737121700.0,0.0054578484826972576,18.39599038173451,2014-09-30 00:00:00,2014-10-21 00:00:00,69.63339946325293,6.358747570619848,9.814467767006883,4.454682152800739
sh600053,2014-12-24,8.38,8.56,8.34,8.52,0.016706,2391534.0,20289450.0,3693767620.0,3693767620.0,0.0055162835825606155,18.182581423566113,2014-09-30 00:00:00,2014-10-21 00:00:00,68.82559347266427,6.284980751539034,9.700611687629179,4.403004093752368
sh600053,2014-12-23,8.26,8.62,8.17,8.38,0.004796,3344215.0,28051376.0,3633071900.0,3633071900.0,0.007713726144533501,17.8838144198678,2014-09-30 00:00:00,2014-10-21 00:00:00,67.69468604755382,6.181709118997068,9.5412161309456,4.330656152075789
sh600053,2014-12-22,8.76,8.92,8.25,8.34,-0.063973,5403841.0,46117303.0,3615730270.0,3615730270.0,0.012464434726764062,17.798453039092312,2014-09-30 00:00:00,2014-10-21 00:00:00,67.37157198829793,6.1522031526768295,9.495674874248703,4.309985461800991
sh600053,2014-12-19,9.2,9.22,8.68,8.91,-0.035713999999999996,4710513.0,41874399.0,3862848530.0,3862848530.0,0.010865212680239367,19.01489277455919,2014-09-30 00:00:00,2014-10-21 00:00:00,71.97609896754895,6.572677019655234,10.144659154328565,4.604552498807183
sh600053,2014-12-18,9.76,9.78,9.22,9.24,-0.049382999999999996,6084888.0,57150686.0,4005916990.0,4005916990.0,0.014035329553845798,19.71914221979702,2014-09-30 00:00:00,2014-10-21 00:00:00,74.64185829468533,6.816107482277285,10.520384154004688,4.775090065402986
sh600053,2014-12-17,9.84,10.1,9.6,9.72,-0.006135,3973203.0,38987186.0,4214016580.0,4214016580.0,0.009164542290433987,20.743519440318256,2014-09-30 00:00:00,2014-10-21 00:00:00,78.51938088071782,7.1701931295961305,11.066900922248063,5.023148192598055
sh600053,2014-12-16,9.89,9.9,9.65,9.78,-0.003058,4102859.0,39974044.0,4240029019.9999995,4240029019.9999995,0.009463605279758203,20.871566500800668,2014-09-30 00:00:00,2014-10-21 00:00:00,79.0040708554158,7.214453803681717,11.135215469151307,5.054155436199137
sh600053,2014-12-15,9.49,9.87,9.4,9.81,0.028301999999999997,5126832.0,49445950.0,4253035250.0,4253035250.0,0.011825489083355236,20.93558752745964,2014-09-30 00:00:00,2014-10-21 00:00:00,79.24640636608329,7.236583275337701,11.16937140691365,5.069658451744572
sh600053,2014-12-12,9.5,9.7,9.42,9.54,-0.002092,5178123.0,49435430.0,4135979230.0,4135979230.0,0.011943796298996404,20.3593764550294,2014-09-30 00:00:00,2014-10-21 00:00:00,77.06530412863466,7.037410483824499,10.86195631916854,4.930126024985434
sh600053,2014-12-11,9.57,9.57,9.25,9.56,-0.01848,6612246.0,62397442.0,4144650050.0,4144650050.0,0.015251727165722956,20.40205755944375,2014-09-30 00:00:00,2014-10-21 00:00:00,77.22686272545631,7.052163610096821,10.884727168404844,4.9404614703814715
sh600053,2014-12-10,10.0,10.07,9.28,9.74,-0.055286,9307720.0,88677002.0,4222687389.9999995,4222687389.9999995,0.021469075123744838,20.78618628193389,2014-09-30 00:00:00,2014-10-21 00:00:00,78.68088548929856,7.184941325797561,11.089664162120837,5.033480184185215
sh600053,2014-11-14,10.2,10.33,10.06,10.31,0.016765000000000002,2012825.0,20442548.0,4469805650.0,4469805650.0,0.004642757957496429,22.002623314499296,2014-09-30 00:00:00,2014-10-21 00:00:00,83.28540223739519,7.605414258492582,11.738647000172366,5.32804656667014
sh600053,2014-11-13,10.16,10.38,10.08,10.14,-0.013619,1719660.0,17531595.0,4396103710.0,4396103710.0,0.003966547094950133,21.63983153875212,2014-09-30 00:00:00,2014-10-21 00:00:00,81.91214512438488,7.480011859665294,11.545093507518814,5.240194702483013
sh600053,2014-11-12,10.14,10.29,10.02,10.28,0.012808000000000002,1980581.0,20136559.0,4456799420.0,4456799420.0,0.00456838434070699,21.93861351622965,2014-09-30 00:00:00,2014-10-21 00:00:00,83.04310922897429,7.583288668035267,11.704497052882015,5.312546270135995
sh600053,2014-11-11,10.82,10.96,10.0,10.15,-0.073905,4684238.0,48874803.0,4400439120.0,4400439120.0,0.010804607086576396,21.66117715917494,2014-09-30 00:00:00,2014-10-21 00:00:00,81.9929436072526,7.487390174677992,11.556481636087014,5.245363652475095
sh600053,2014-11-10,11.0,11.13,10.79,10.96,-0.0027300000000000002,1881747.0,20524585.0,4751607170.0,4751607170.0,0.004340415017935921,23.38980035436423,2014-09-30 00:00:00,2014-10-21 00:00:00,88.53621238345158,8.084905084983712,12.478721552418502,5.6639585058499335
sh600053,2014-11-07,11.27,11.28,10.76,10.99,0.003653,2775172.0,30409515.0,4764613390.0,4764613390.0,0.006401178392356406,23.453829308376097,2014-09-30 00:00:00,2014-10-21 00:00:00,88.77857790112165,8.107037296803988,12.512881719512773,5.679463441043984
sh600053,2014-11-06,10.75,11.24,10.73,10.95,0.018605,3082268.0,33926954.0,4747271760.0,4747271760.0,0.0071095223333075,23.368464308258034,2014-09-30 00:00:00,2014-10-21 00:00:00,88.45545014175384,8.077530079423854,12.467338531855905,5.658791874327068
sh600053,2014-11-05,10.65,10.79,10.52,10.75,0.006554000000000001,1714168.0,18339206.0,4660563600.0,4660563600.0,0.003953879311935578,22.941635185629398,2014-09-30 00:00:00,2014-10-21 00:00:00,86.8397957419744,7.9299925677017615,12.239620394417763,5.555433042570052
sh600053,2014-11-04,10.62,10.9,10.58,10.68,0.001876,2465745.0,26456031.0,4630215740.0,4630215740.0,0.005687457794353228,22.792254748010933,2014-09-30 00:00:00,2014-10-21 00:00:00,86.27435362829456,7.878357810611018,12.159924250877513,5.51925981375073
sh600053,2014-11-03,10.8,10.86,10.5,10.66,-0.011132,2813401.0,30057026.0,4621544930.0,4621544930.0,0.006489356938914365,22.74957654241736,2014-09-30 00:00:00,2014-10-21 00:00:00,86.11280600423065,7.863605686343439,12.1371549481947,5.508925070318813
sh600053,2014-10-31,10.99,11.18,10.53,10.78,-0.019108,3353230.0,36324085.0,4673569820.0,4673569820.0,0.007734520033339311,23.005675724583423,2014-09-30 00:00:00,2014-10-21 00:00:00,87.0822051115322,7.952128783966553,12.27378674220897,5.570940783116464
sh600053,2014-10-30,10.9,11.38,10.82,10.99,0.01011,5186466.0,57562002.0,4764613390.0,4764613390.0,0.011963040161795793,23.45383153760396,2014-09-30 00:00:00,2014-10-21 00:00:00,88.7785863393036,8.107038067357621,12.512882908830907,5.679463980862789
sh600053,2014-10-29,10.8,10.99,10.7,10.88,0.0046170000000000004,3718234.0,40369407.0,4716923900.0,4716923900.0,0.008576433874627488,23.219086572357426,2014-09-30 00:00:00,2014-10-21 00:00:00,87.89001825474809,8.025896256207364,12.387643829712513,5.622619299742393
sh600053,2014-10-28,10.64,10.87,10.56,10.83,0.011204,3989848.0,42864605.0,4695246860.0,4695246860.0,0.009202935463972602,23.112376728999628,2014-09-30 00:00:00,2014-10-21 00:00:00,87.4860949543439,7.989010992455198,12.330712928123368,5.596778971232214
sh600053,2014-10-27,10.25,10.92,10.15,10.71,0.035782999999999995,3919388.0,41706031.0,4643221970.0,4643221970.0,0.009040413262861952,22.856294802037603,2014-09-30 00:00:00,2014-10-21 00:00:00,86.51676116228168,7.900493859256093,12.194090339954517,5.534767436869528
sh600053,2014-10-24,10.4,10.58,10.1,10.34,0.007797,1964198.0,20327522.0,4482811870.0,4482811870.0,0.004530595507680763,22.066682695156807,2014-09-30 00:00:00,2014-10-21 00:00:00,83.5278829274874,7.62755698756988,11.772823400224292,5.343558869830388
sh600053,2014-10-23,10.26,10.44,10.18,10.26,-0.007737000000000001,2246838.0,23148556.0,4448128610.0,4448128610.0,0.005182529531222345,21.895959895848872,2014-09-30 00:00:00,2014-10-21 00:00:00,82.88165466605616,7.568545041878354,11.681740866686734,5.302217480137753
sh600053,2014-10-22,10.65,10.88,10.32,10.34,-0.040816000000000005,3859019.0,41004916.0,4482811870.0,4482811870.0,0.00890116686070076,22.06668987541496,2014-09-30 00:00:00,2014-10-21 00:00:00,83.52791010655055,7.6275594694938285,11.772827230972771,5.34356060856623
sh600053,2014-10-21,10.57,11.15,10.25,10.78,0.019868,6896132.0,73738534.0,4673569820.0,4673569820.0,0.015906535223218297,23.00569012349555,2014-09-30 00:00:00,2014-10-21 00:00:00,87.08225961499623,7.952133761086328,12.273794424190532,5.570944269885893
sh600053,2014-10-20,10.48,10.6,10.16,10.57,0.004753,4774474.0,49452345.0,4582526260.0,4582526260.0,0.011012744350318245,22.557517368419788,2014-06-30 00:00:00,2014-08-19 00:00:00,121.60458834848247,7.894546428360074,10.486394883824596,5.593982640032751
sh600053,2014-10-17,10.8,10.93,9.93,10.52,-0.046238,8978732.0,94996099.0,4560849220.0,4560849220.0,0.020710235327621725,22.450808674788515,2014-06-30 00:00:00,2014-08-19 00:00:00,121.02933591487904,7.857201151288002,10.436788826532089,5.5675202164439925
sh600053,2014-10-16,11.72,11.74,11.01,11.03,-0.054030999999999996,7677154.0,86710008.0,4781955020.0,4781955020.0,0.017708031185119762,23.539214893011586,2014-06-30 00:00:00,2014-08-19 00:00:00,126.89678967591396,8.238115118119618,10.942760171334243,5.837431368039399
sh600053,2014-10-15,11.1,11.99,10.91,11.66,0.06193099999999999,10797189.0,123820683.0,5055085730.0,5055085730.0,0.02490466640216604,24.883706435423974,2014-06-30 00:00:00,2014-08-19 00:00:00,134.14476550068127,8.708652311142982,11.567778829257874,6.170848482391493
sh600053,2014-10-14,9.98,10.98,9.98,10.98,0.1002,7718384.0,80612109.0,4760277980.0,4760277980.0,0.017803131807861357,23.43250779516181,2014-06-30 00:00:00,2014-08-19 00:00:00,126.32154584495723,8.20077039952971,10.893154855878466,5.810969340184526
sh600053,2014-10-13,10.0,10.06,9.84,9.98,-0.009921,3547104.0,35269981.0,4326737180.0,4326737180.0,0.008181707473158793,21.298407376078718,2014-06-30 00:00:00,2014-08-19 00:00:00,114.81689315120633,7.4538905649242935,9.90106785664285,5.281739083970665
sh600053,2014-10-10,10.0,10.52,9.88,10.08,0.000993,6208930.0,62802104.0,4370091260.0,4370091260.0,0.014321443346700269,21.511826203847086,2014-06-30 00:00:00,2014-08-19 00:00:00,115.96740578398928,7.528581623208141,10.00028064088103,5.334664288375639
sh600053,2014-10-09,10.1,10.14,9.92,10.07,0.0029879999999999998,3426991.0,34377210.0,4365755860.0,4365755860.0,0.007904656255789805,21.49048615109904,2014-06-30 00:00:00,2014-08-19 00:00:00,115.85236438615384,7.521113157842404,9.990360213189334,5.3293722217594315
sh600053,2014-10-08,10.19,10.39,9.98,10.04,-0.011811,6039323.0,61120250.0,4352749630.0,4352749630.0,0.013930229871732824,21.426463877034465,2014-06-30 00:00:00,2014-08-19 00:00:00,115.50722878653967,7.498707021262871,9.960597946525118,5.313495497213758
sh600053,2014-09-30,9.24,10.16,9.24,10.16,0.099567,8863950.0,87922546.0,4404774530.0,4404774530.0,0.020445480554483683,21.682556552475756,2014-06-30 00:00:00,2014-08-19 00:00:00,116.88779047989772,7.588332820202279,10.07964867704975,5.377003282989142
sh600053,2014-09-29,9.34,9.34,9.15,9.24,-0.00216,2719353.0,25135230.0,4005916990.0,4005916990.0,0.006272426958103293,19.719177232925105,2014-06-30 00:00:00,2014-08-19 00:00:00,106.30347262140256,6.901200945647042,9.166925414321959,4.890109727728408
sh600053,2014-09-26,9.11,9.3,9.11,9.26,0.012022,1897086.0,17491342.0,4014587810.0,4014587810.0,0.004375795770674648,19.76186285669557,2014-06-30 00:00:00,2014-08-19 00:00:00,106.53358516535974,6.916139807631526,9.186768835005571,4.900695229423964
sh600053,2014-09-25,9.16,9.26,9.1,9.15,-0.0021809999999999998,2296638.0,21066589.0,3966898320.0,3966898320.0,0.0052973976151725515,19.527107964743422,2014-06-30 00:00:00,2014-08-19 00:00:00,105.26805263656296,6.833981679876055,9.077637477254022,4.842478947516915
sh600053,2014-09-24,9.15,9.18,9.06,9.17,0.006586,2235884.0,20402517.0,3975569140.0,3975569140.0,0.005157263163583164,19.569789676026836,2014-06-30 00:00:00,2014-08-19 00:00:00,105.49814408882071,6.848919172591478,9.097479079125597,4.853063478964538
sh600053,2014-09-23,9.33,9.33,9.01,9.11,-0.005459,3629858.0,32947905.0,3949556690.0,3949556690.0,0.008372586843411026,19.44174633466672,2014-06-30 00:00:00,2014-08-19 00:00:00,104.80787939512442,6.804107321770299,9.037955106792262,4.821310329136843
sh600053,2014-09-22,9.3,9.3,9.11,9.16,-0.020321000000000002,1746873.0,16040423.0,3971233730.0,3971233730.0,0.004029316269934079,19.548461385369453,2014-06-30 00:00:00,2014-08-19 00:00:00,105.38316609885806,6.841454823652618,9.087564119319627,4.847774329199944
sh600053,2014-09-19,9.3,9.44,9.21,9.35,0.004296,1526815.0,14257097.0,4053606480.0,4053606480.0,0.0035217331333060233,19.953945512121273,2014-06-30 00:00:00,2014-08-19 00:00:00,107.56907731905866,6.9833637585909445,9.27606299545017,4.948329329504812
sh600053,2014-09-18,9.11,9.4,9.04,9.31,0.017486,1805959.0,16706266.0,4036264850.0,4036264850.0,0.004165603327541799,19.868590049269606,2014-06-30 00:00:00,2014-08-19 00:00:00,107.10893732431339,6.953491558854107,9.236383491968672,4.927162240519539
sh600053,2014-09-17,9.1,9.21,9.0,9.15,0.006601,2211724.0,20135813.0,3966898320.0,3966898320.0,0.00510153600307053,19.5271385053648,2014-06-30 00:00:00,2014-08-19 00:00:00,105.26821727700765,6.833992368301979,9.07765167478341,4.8424865212096675
sh600053,2014-09-16,9.52,9.58,9.0,9.09,-0.045168,3719429.0,34338918.0,3940885870.0,3940885870.0,0.008579190244349806,19.3990851443271,2014-06-30 00:00:00,2014-08-19 00:00:00,104.5778985685566,6.789177010853336,9.018123044566227,4.810730886627042
sh600053,2014-09-15,9.29,9.56,9.22,9.52,0.022556,2410557.0,22856590.0,4127308420.0,4127308420.0,0.005560161806371621,20.316752208060787,2014-06-30 00:00:00,2014-08-19 00:00:00,109.52492016245435,7.110336698867797,9.444722259587266,5.038300859865445
sh600053,2014-09-12,9.13,9.35,9.13,9.31,0.011956999999999999,1538405.0,14231333.0,4036264850.0,4036264850.0,0.003548466486286201,19.868596153228562,2014-06-30 00:00:00,2014-08-19 00:00:00,107.10897022994764,6.953493695081537,9.236386329538202,4.927163754225142
sh600053,2014-09-11,9.28,9.44,9.11,9.2,-0.0043289999999999995,2323471.0,21548611.0,3988575360.0,3988575360.0,0.005359290290556274,19.633834395363206,2014-06-30 00:00:00,2014-08-19 00:00:00,105.84340068792216,6.871333164434395,9.127251780004686,4.8689457696573495
sh600053,2014-09-10,9.11,9.25,9.1,9.24,0.01427,2106468.0,19370307.0,4005916990.0,4005916990.0,0.0048587537806169066,19.719198806998705,2014-06-30 00:00:00,2014-08-19 00:00:00,106.30358892437579,6.901208496013639,9.16693544353977,4.890115077829273
sh600053,2014-09-09,9.19,9.25,9.0,9.11,-0.010858,2425867.0,22125242.0,3949556690.0,3949556690.0,0.005595475670967012,19.441764822974854,2014-06-30 00:00:00,2014-08-19 00:00:00,104.80797906314473,6.804113792198961,9.037963701519095,4.821314914006402
sh600053,2014-09-05,9.17,9.38,9.17,9.21,-0.010740999999999999,2229420.0,20584290.0,3992910770.0,3992910770.0,0.005142353381465623,19.65518077583891,2014-06-30 00:00:00,2014-08-19 00:00:00,105.95847619769935,6.878803844340814,9.137175149290087,4.874239405471007
sh600053,2014-09-04,9.26,9.39,9.14,9.31,0.0054,2095208.0,19451514.0,4036264850.0,4036264850.0,0.0048327815950928,19.868589293439747,2014-06-30 00:00:00,2014-08-19 00:00:00,107.10893324973475,6.953491294333246,9.236383140603305,4.927162053083173
sh600053,2014-09-03,9.2,9.33,9.12,9.26,0.006522,1947738.0,17920603.0,4014587810.0,4014587810.0,0.004492629065199099,19.761875167535056,2014-06-30 00:00:00,2014-08-19 00:00:00,106.53365153146483,6.916144116106271,9.186774557990159,4.900698282358436
sh600053,2014-09-02,8.98,9.3,8.95,9.2,0.022222,3039214.0,27899073.0,3988575360.0,3988575360.0,0.007010214494229838,19.633823371506097,2014-06-30 00:00:00,2014-08-19 00:00:00,105.84334125976865,6.871329306370128,9.127246655304265,4.868943035878439
sh600053,2014-09-01,8.75,9.04,8.75,9.0,0.035673,3298658.0,29477218.0,3901867200.0,3901867200.0,0.007608644907238258,19.207005299735375,2014-06-30 00:00:00,2014-08-19 00:00:00,103.5424215676914,6.721954043612961,8.928830190804215,4.763097483597925
sh600053,2014-08-29,8.55,8.73,8.49,8.69,0.009292,1628309.0,14059005.0,3767469550.0,3767469550.0,0.003755837976182183,18.545434031528654,2014-06-30 00:00:00,2014-08-19 00:00:00,99.97597848712036,6.490421246487029,8.621283156753352,4.599036069877196
sh600053,2014-08-28,8.59,8.77,8.43,8.61,-0.002317,2270293.0,19500753.0,3732786290.0,3732786290.0,0.0052366305519194346,18.374696353016425,2014-06-30 00:00:00,2014-08-19 00:00:00,99.05555427678051,6.430667484223623,8.541911713115086,4.556695257544097
sh600053,2014-08-27,8.58,8.8,8.58,8.63,0.0,2317416.0,20139747.0,3741457100.0,3741457100.0,0.005345323906025811,18.417369397911383,2014-06-30 00:00:00,2014-08-19 00:00:00,99.28559900968595,6.445601943927703,8.561749286211239,4.567277639835595
sh600053,2014-08-26,8.6,8.89,8.6,8.63,-0.003464,3116640.0,27301390.0,3741457100.0,3741457100.0,0.00718880438319071,18.417369397911383,2014-06-30 00:00:00,2014-08-19 00:00:00,99.28559900968595,6.445601943927703,8.561749286211239,4.567277639835595
sh600053,2014-08-25,8.56,8.83,8.53,8.66,0.011682,3247437.0,28221404.0,3754463330.0,3754463330.0,0.00749049916010233,18.481388929162,2014-06-30 00:00:00,2014-08-19 00:00:00,99.63071982315336,6.468007120593439,8.591510277813585,4.583153684197656
sh600053,2014-08-22,8.58,8.58,8.42,8.56,0.009434,1748889.0,14887666.0,3711109250.0,3711109250.0,0.0040339663511657605,18.267982359241348,2014-06-30 00:00:00,2014-08-19 00:00:00,98.48027327080383,6.393320352238588,8.492303191925512,4.530231519585855
sh600053,2014-08-21,8.59,8.59,8.4,8.48,-0.011655,2250513.0,19078613.0,3676425980.0,3676425980.0,0.005191006250042874,18.097252875612817,2014-06-30 00:00:00,2014-08-19 00:00:00,97.55989323799656,6.333569457972079,8.412935557872542,4.487892739481585
sh600053,2014-08-20,8.39,8.65,8.38,8.58,0.017794,2599252.0,22223656.0,3719780060.0,3719780060.0,0.005995403437911864,18.31066366057684,2014-06-30 00:00:00,2014-08-19 00:00:00,98.7103625130866,6.408257701482862,8.512144603223106,4.54081594937151
sh600053,2014-08-19,8.52,8.54,8.35,8.43,-0.008235,2917031.0,24605311.0,3654748940.0,3654748940.0,0.006728388661903545,17.990539991959906,2014-06-30 00:00:00,2014-08-19 00:00:00,96.98461821654145,6.29622271450103,8.363327552749482,4.4614292768197785
sh600053,2014-08-18,8.69,8.77,8.45,8.5,-0.0070090000000000005,2247581.0,19246505.0,3685096800.0,3685096800.0,0.005184243328424914,18.139922251702675,2014-03-31 00:00:00,2014-04-26 00:00:00,132.31209770160334,6.1808984586276905,7.320749620946612,4.796854642781397
sh600053,2014-08-15,8.46,8.6,8.25,8.56,0.01182,3042650.0,25401908.0,3711109250.0,3711109250.0,0.00701813992676179,18.267962400165437,2014-03-31 00:00:00,2014-04-26 00:00:00,133.2460190491186,6.224526162500657,7.372422933286012,4.8307131109762285
sh600053,2014-08-14,8.74,8.89,8.43,8.46,-0.009368000000000001,4625645.0,40132263.0,3667755170.0,3667755170.0,0.010669457170992143,18.05455753015896,2014-03-31 00:00:00,2014-04-26 00:00:00,131.6894497530377,6.151811747643512,7.286298880518287,4.774281108276402
sh600053,2014-08-13,8.31,8.55,8.25,8.54,0.02521,4487870.0,37846818.0,3702438430.0,3702438430.0,0.01035166702285985,18.225292066235454,2014-03-31 00:00:00,2014-04-26 00:00:00,132.9347827982921,6.209986904969264,7.355202416758481,4.819429524057775
sh600053,2014-08-12,8.22,8.35,8.17,8.33,0.013382,1732626.0,14300236.0,3611394860.0,3611394860.0,0.00399645431737697,17.77713060371578,2014-03-31 00:00:00,2014-04-26 00:00:00,129.66590532504767,6.057282805444021,7.174337371619943,4.700919347312039
sh600053,2014-08-11,8.21,8.26,8.15,8.22,0.002439,1408194.0,11554908.0,3563705380.0,3563705380.0,0.003248123356370161,17.542378494699708,2014-03-31 00:00:00,2014-04-26 00:00:00,127.95362985038976,5.977294648458352,7.079598188659304,4.638842358865699
sh600053,2014-08-08,8.11,8.23,8.1,8.2,0.011097,1374609.0,11234620.0,3555034560.0,3555034560.0,0.003170656602561973,17.49969673436459,2014-03-31 00:00:00,2014-04-26 00:00:00,127.64231025567615,5.9627514975558125,7.0623730607640995,4.627555750390496
sh600053,2014-08-07,8.1,8.3,8.09,8.11,0.0,1313123.0,10739890.0,3516015890.0,3516015890.0,0.003028833732034129,17.30763392074607,2014-03-31 00:00:00,2014-04-26 00:00:00,126.24140933627157,5.8973090589288795,6.984862046632619,4.576767362963689
sh600053,2014-08-06,8.13,8.16,8.04,8.11,-0.007344,1787762.0,14494004.0,3516015890.0,3516015890.0,0.004123630345709273,17.30763392074607,2014-03-31 00:00:00,2014-04-26 00:00:00,126.24140933627157,5.8973090589288795,6.984862046632619,4.576767362963689
sh600053,2014-08-05,8.36,8.39,8.1,8.17,-0.019208000000000003,4883824.0,40065796.0,3542028340.0,3542028340.0,0.01126496974329686,17.43568156616801,2014-03-31 00:00:00,2014-04-26 00:00:00,127.17538536640242,5.940939317274946,7.036538384528597,4.610627813626965
sh600053,2014-08-04,8.26,8.36,8.12,8.33,0.008475,2034347.0,16785924.0,3611394860.0,3611394860.0,0.004692400351370052,17.777144966688155,2014-03-31 00:00:00,2014-04-26 00:00:00,129.6660100881761,6.057287699405119,7.1743431681014895,4.700923145403882
sh600053,2014-08-01,8.2,8.44,8.1,8.26,0.0,3162291.0,26115847.0,3581047010.0,3581047010.0,0.007294102419504401,17.627749787241285,2014-03-31 00:00:00,2014-04-26 00:00:00,128.5763257276344,6.006383598408608,7.114051580952914,4.661417630981316
sh600053,2014-07-31,8.35,8.39,8.1,8.26,-0.010778,3887018.0,31949991.0,3581047010.0,3581047010.0,0.008965749008695643,17.627749787241285,2014-03-31 00:00:00,2014-04-26 00:00:00,128.5763257276344,6.006383598408608,7.114051580952914,4.661417630981316
sh600053,2014-07-30,8.5,8.5,8.2,8.35,-0.018801,3251891.0,27147413.0,3620065680.0,3620065680.0,0.007500772706974753,17.81981171793721,2014-03-31 00:00:00,2014-04-26 00:00:00,129.97722020702574,6.071825736193299,7.191562238762295,4.712205784931306
sh600053,2014-07-29,8.41,8.96,8.41,8.51,0.011890999999999999,4076129.0,35211872.0,3689432210.0,3689432210.0,0.009401950168912305,18.16126159722667,2014-03-31 00:00:00,2014-04-26 00:00:00,132.4677463053119,6.188169511172859,7.329361565556319,4.802497541203472
sh600053,2014-07-28,8.35,8.44,8.3,8.41,0.008393000000000001,1487727.0,12464832.0,3646078130.0,3646078130.0,0.0034315732202919087,17.947843786758323,2014-03-31 00:00:00,2014-04-26 00:00:00,130.91108262185543,6.1154506870531105,7.243232290391275,4.746062116575275
sh600053,2014-07-25,8.39,8.44,8.29,8.34,-0.005959000000000001,1191082.0,9948960.0,3615730270.0,3615730270.0,0.002747335431080151,17.798461301058538,2014-03-31 00:00:00,2014-04-26 00:00:00,129.8214908491584,6.064550911254947,7.182945826073043,4.7065599588407245
sh600053,2014-07-24,8.29,8.45,8.27,8.39,0.003589,2040751.0,17038309.0,3637407310.0,3637407310.0,0.004707171738212623,17.905158138405294,2014-03-31 00:00:00,2014-04-26 00:00:00,130.5997346680453,6.100906211368493,7.226005593404139,4.734774479966847
sh600053,2014-07-23,8.39,8.4,8.3,8.36,0.002398,853533.0,7130302.0,3624401090.0,3624401090.0,0.001968748960949021,17.841126335985443,2014-03-31 00:00:00,2014-04-26 00:00:00,130.1326884492011,6.079088363232849,7.200164204075711,4.7178421445102
sh600053,2014-07-22,8.42,8.47,8.31,8.34,-0.013018,1873272.0,15653010.0,3615730270.0,3615730270.0,0.004320866688985625,17.798445663284888,2014-03-31 00:00:00,2014-04-26 00:00:00,129.82137678766432,6.064545582924996,7.182939515118458,4.7065558236450995
sh600053,2014-07-21,8.52,8.52,8.35,8.45,-0.019722,1787497.0,15030902.0,3663419760.0,3663419760.0,0.004123019102239051,18.033201885429406,2014-03-31 00:00:00,2014-04-26 00:00:00,131.53368226336886,6.144535141395686,7.277680358019152,4.768633899752072
sh600053,2014-07-18,8.06,8.64,8.06,8.62,0.076155,3521110.0,29339403.0,3737121700.0,3737121700.0,0.008121750008837013,18.396007954304196,2014-03-31 00:00:00,2014-04-26 00:00:00,134.17997982548712,6.2681557082742705,7.4240984272003985,4.864573008628239
sh600053,2014-07-17,7.96,8.09,7.96,8.01,0.013924,998899.0,7996604.0,3472661810.0,3472661810.0,0.0023040484296396255,17.094199213221327,2014-03-31 00:00:00,2014-04-26 00:00:00,124.68462240614699,5.824584477398024,6.8987259523027795,4.520327470139746
sh600053,2014-07-16,8.12,8.15,7.9,7.9,-0.025894,1367500.0,10932788.0,3424972320.0,3424972320.0,0.0031542590685813194,16.859448255708838,2014-03-31 00:00:00,2014-04-26 00:00:00,122.97235533052476,5.744596712769423,6.803987234055787,4.458250786192798
sh600053,2014-07-15,8.03,8.14,8.03,8.11,-0.0061270000000000005,927566.0,7488375.0,3516015890.0,3516015890.0,0.0021395125890628437,17.307611549162857,2014-03-31 00:00:00,2014-04-26 00:00:00,126.24124615855438,5.89730143615728,6.984853018106641,4.576761447104111
sh600053,2014-07-14,8.27,8.27,8.0,8.16,-0.027413999999999997,3830845.0,30999623.0,3537692930.0,3537692930.0,0.008836181041863348,17.414309020531654,2014-03-31 00:00:00,2014-04-26 00:00:00,127.01949460198071,5.933656952304046,7.027913041310751,4.604976135888702
sh600053,2014-07-11,8.37,8.55,8.19,8.39,-0.003563,2450164.0,20432096.0,3637407310.0,3637407310.0,0.00565151884516337,17.905161107122307,2014-03-31 00:00:00,2014-04-26 00:00:00,130.59975632178615,6.100907222912983,7.2260067914927335,4.734775265003508
sh600053,2014-07-10,8.07,8.47,8.06,8.42,0.029339999999999998,1507388.0,12410499.0,3650413540.0,3650413540.0,0.0034769230447244067,17.969185314397503,2014-03-31 00:00:00,2014-04-26 00:00:00,131.06674714185257,6.12272248312034,7.251845115639758,4.751705592027903
sh600053,2014-07-09,8.24,8.25,8.0,8.18,-0.0060609999999999995,2550433.0,20670181.0,3546363740.0,3546363740.0,0.005882798119292748,17.456997021778523,2014-03-31 00:00:00,2014-04-26 00:00:00,127.33085971773426,5.948202229700915,7.045140687858004,4.616264394687764
sh600053,2014-07-08,8.25,8.33,8.19,8.25,-0.0036229999999999995,1217027.0,10045372.0,3576711600.0,3576711600.0,0.002807179854814126,17.56344908669297,2014-03-31 00:00:00,2014-04-26 00:00:00,128.1073181731819,5.984474127387008,7.088101672092557,4.644414189087826
sh600053,2014-07-07,8.18,8.31,8.18,8.28,-0.00361,870765.0,7187248.0,3589717820.0,3589717820.0,0.0020084960884195627,17.627312841116336,2014-03-31 00:00:00,2014-04-26 00:00:00,128.57313865452727,6.006234715762216,7.113875242094667,4.661302086547388
sh600053,2014-07-04,8.36,8.4,8.2,8.31,0.0024129999999999998,1757193.0,14524604.0,3602724050.0,3602724050.0,0.004053120257711661,17.691177993673495,2014-03-31 00:00:00,2014-04-26 00:00:00,129.03896933382237,6.0279957805299285,7.139649376343266,4.678190353724332
sh600053,2014-07-03,8.44,8.44,8.27,8.29,-0.022406,915029.0,7623567.0,3594053230.0,3594053230.0,0.002110594897894709,17.648591941319093,2014-03-31 00:00:00,2014-04-26 00:00:00,128.72834783050737,6.013485240644255,7.122462873429681,4.66692905391723
sh600053,2014-07-02,8.48,8.62,8.19,8.48,0.002364,2614888.0,21938420.0,3676425980.0,3676425980.0,0.006031469247750229,18.053089463846028,2014-03-31 00:00:00,2014-04-26 00:00:00,131.67874171742807,6.1513115267117575,7.285706411280839,4.773892898194169
sh600053,2014-07-01,8.24,8.48,8.16,8.46,0.018050999999999998,1869031.0,15516316.0,3667755170.0,3667755170.0,0.00431108444460321,18.01051261203119,2014-03-31 00:00:00,2014-04-26 00:00:00,131.36818732259744,6.136804121767899,7.268523621439756,4.762634031344072
sh600053,2014-06-30,8.29,8.41,8.11,8.31,-0.00479,2554103.0,21041373.0,3602724050.0,3602724050.0,0.005891263287289517,17.691169314730978,2014-03-31 00:00:00,2014-04-26 00:00:00,129.03890602985257,6.0279928233142535,7.1396458737722925,4.6781880586965405
sh600053,2014-06-27,7.92,8.39,7.9,8.35,0.04375,4411964.0,36509518.0,3620065680.0,3620065680.0,0.01017658314972893,17.77631787736355,2014-03-31 00:00:00,2014-04-26 00:00:00,129.65997732122122,6.057005881486573,7.174009378696247,4.700704432930276
sh600053,2014-06-26,7.77,8.08,7.75,8.0,0.017812,4572030.0,36403881.0,3468326400.0,3468326400.0,0.01054578946202987,17.031202756755494,2014-03-31 00:00:00,2014-04-26 00:00:00,124.2251279724275,5.803119407412286,6.873302398750894,4.503668917777509
sh600053,2014-06-25,7.52,7.9,7.43,7.86,0.045212999999999996,2995407.0,22978592.0,3407630690.0,3407630690.0,0.006909169790344858,16.733151855898235,2014-03-31 00:00:00,2014-04-26 00:00:00,122.0511528380757,5.701563164329253,6.753017648397636,4.424853428508909
sh600053,2014-06-24,7.42,7.55,7.38,7.52,0.009396,649596.0,4849418.0,3260226820.0,3260226820.0,0.0014983503264352632,16.00932236386099,2014-03-31 00:00:00,2014-04-26 00:00:00,116.7715602830004,5.454929439577629,6.46090093444842,4.233446607063736
sh600053,2014-06-23,7.53,7.53,7.41,7.45,-0.009309,527824.0,3948104.0,3229878960.0,3229878960.0,0.0012174724962448747,15.860298994508588,2014-03-31 00:00:00,2014-04-26 00:00:00,115.6845878951377,5.40415202713071,6.400759399134156,4.194039412741616
sh600053,2014-06-20,7.18,7.55,7.15,7.52,0.038674,1410669.0,10325226.0,3260226820.0,3260226820.0,0.003253832161285024,16.009329846045425,2014-03-31 00:00:00,2014-04-26 00:00:00,116.77161485784941,5.4549319890164645,6.460903954042336,4.233448585625202
sh600053,2014-06-19,7.27,7.34,7.17,7.24,-0.008219,1229645.0,8876744.0,3138835390.0,3138835390.0,0.0028362843838077153,15.41323826922155,2014-03-31 00:00:00,2014-04-26 00:00:00,112.42373916921903,5.251822986824031,6.220338579806884,4.075820310920656
sh600053,2014-06-18,7.37,7.43,7.24,7.3,-0.006803,1529466.0,11151555.0,3164847840.0,3164847840.0,0.0035278478980525015,15.540969497521681,2014-03-31 00:00:00,2014-04-26 00:00:00,113.3554072615013,5.295345430920769,6.271887220875257,4.109597089398421
sh600053,2014-06-17,7.4,7.55,7.34,7.35,-0.016064,1110076.0,8259031.0,3186524880.0,3186524880.0,0.0025604879633012627,15.647418888218231,2014-03-31 00:00:00,2014-04-26 00:00:00,114.13184621127662,5.331616417408398,6.314847125872568,4.13774617663809
sh600053,2014-06-16,7.59,7.6,7.4,7.47,-0.005326,1132102.0,8498589.0,3238549780.0,3238549780.0,0.0026112928670190146,15.902882797476899,2014-03-31 00:00:00,2014-04-26 00:00:00,115.99519299149195,5.418661800572799,6.417944994260367,4.205300117729293
sh600053,2014-06-13,7.47,7.78,7.45,7.51,0.004011,1666989.0,12656610.0,3255891410.0,3255891410.0,0.0038450567950606192,15.98803507227182,2014-03-31 00:00:00,2014-04-26 00:00:00,116.61629135927141,5.44767612360713,6.452309997306018,4.227817473593653
sh600053,2014-06-12,7.54,7.55,7.44,7.48,-0.011889,901590.0,6742441.0,3242885180.0,3242885180.0,0.002079596663363826,15.924163253462183,2014-03-31 00:00:00,2014-04-26 00:00:00,116.15041205651276,5.425912787416803,6.426533172750118,4.2109274436173045
sh600053,2014-06-11,7.63,7.63,7.5,7.57,-0.007864,1294853.0,9786964.0,3281903860.0,3281903860.0,0.0029866923676429694,16.115763566504356,2014-03-31 00:00:00,2014-04-26 00:00:00,117.54793950933932,5.491197636112545,6.503857534983538,4.261593529084592
sh600053,2014-06-10,7.69,7.82,7.45,7.63,0.007926,1669698.0,12692270.0,3307916300.0,3307916300.0,0.0038513053489291735,16.24350246992787,2014-03-31 00:00:00,2014-04-26 00:00:00,118.47966358376202,5.534722695389085,6.555409273510424,4.295372337143891
sh600053,2014-06-09,7.33,7.99,7.33,7.57,0.027137,4571730.0,34951791.0,3281903860.0,3281903860.0,0.010545097472782155,16.115768885739495,2014-03-31 00:00:00,2014-04-26 00:00:00,117.5479783076952,5.491199448559799,6.503859681673479,4.261594935683662
sh600053,2014-06-06,7.3,7.4,7.14,7.37,0.013755000000000002,1620309.0,11729598.0,3195195700.0,3195195700.0,0.003737385265634903,15.689989636961277,2014-03-31 00:00:00,2014-04-26 00:00:00,114.44235609046817,5.346121742824763,6.332027452689835,4.14900342961422
sh600053,2014-06-05,7.27,7.33,7.15,7.27,0.0,1267299.0,9167909.0,3151841620.0,3151841620.0,0.002923136642252982,15.477102097608672,2014-03-31 00:00:00,2014-04-26 00:00:00,112.88956019005397,5.273583600401245,6.24611217965863,4.092708227938921
sh600053,2014-06-04,7.43,7.57,7.19,7.27,-0.028075,2889140.0,21145558.0,3151841620.0,3151841620.0,0.006664055600611048,15.477102097608672,2014-03-31 00:00:00,2014-04-26 00:00:00,112.88956019005397,5.273583600401245,6.24611217965863,4.092708227938921
sh600053,2014-06-03,7.28,8.0,7.2,7.48,0.028886000000000002,7001664.0,53892855.0,3242885180.0,3242885180.0,0.01614995407268783,15.92417326193757,2014-03-31 00:00:00,2014-04-26 00:00:00,116.150485058059,5.4259161976502766,6.426537211882225,4.210930090221901
sh600053,2014-05-30,7.01,7.4,6.97,7.27,0.025388,1179330.0,8397042.0,3151841620.0,3151841620.0,0.002720228404116321,15.477101702168722,2014-03-31 00:00:00,2014-04-26 00:00:00,112.8895573057258,5.273583465661187,6.246112020070469,4.092708123370229
sh600053,2014-05-29,7.15,7.17,7.0,7.09,-0.012535,802836.0,5682542.0,3073804270.0,3073804270.0,0.0018518118721983557,15.093897824207739,2014-03-31 00:00:00,2014-04-26 00:00:00,110.09447868097325,5.14301266024294,6.091461983239973,3.9913750925212983
sh600053,2014-05-28,7.17,7.22,7.1,7.18,0.001395,875407.0,6279252.0,3112822940.0,3112822940.0,0.002019203270199493,15.285501586595714,2014-03-31 00:00:00,2014-04-26 00:00:00,111.49203129323394,5.208298684250013,6.16878773752991,4.042042090120964
sh600053,2014-05-27,7.19,7.19,7.01,7.17,0.002797,794792.0,5647750.0,3108487540.0,3108487540.0,0.0018332576748884121,15.264208016412818,2014-03-31 00:00:00,2014-04-26 00:00:00,111.33671657361371,5.201043228945633,6.1601942665281015,4.036411296362537
sh600053,2014-05-26,7.14,7.27,7.1,7.15,-0.008322,664831.0,4755207.0,3099816720.0,3099816720.0,0.0015334911962149814,15.221633108608042,2014-03-31 00:00:00,2014-04-26 00:00:00,111.02617635833944,5.186536486393192,6.143012261233432,4.0251529435793465
sh600053,2014-05-23,7.13,7.25,7.09,7.21,0.008392,1464818.0,10533446.0,3125829170.0,3125829170.0,0.0033787315958792464,15.34937057049571,2014-03-31 00:00:00,2014-04-26 00:00:00,111.95788991823902,5.230061054488646,6.194563417998011,4.058931370444182
sh600053,2014-05-22,6.96,7.18,6.88,7.15,0.028776999999999997,1017683.0,7151641.0,3099816720.0,3099816720.0,0.002347375379664382,15.221630646113526,2014-03-31 00:00:00,2014-04-26 00:00:00,111.02615839697165,5.186535647336201,6.143011267441642,4.025152292406309
sh600053,2014-05-21,6.91,6.97,6.88,6.95,0.0,422341.0,2928139.0,3013108560.0,3013108560.0,0.0009741666758930186,14.795850457498103,2014-03-31 00:00:00,2014-04-26 00:00:00,107.92052932459772,5.041457621366148,5.9711786591667995,3.912560537809758
sh600053,2014-05-20,6.99,7.07,6.92,6.95,-0.001437,589109.0,4111260.0,3013108560.0,3013108560.0,0.001358831740864989,14.795850457498103,2014-03-31 00:00:00,2014-04-26 00:00:00,107.92052932459772,5.041457621366148,5.9711786591667995,3.912560537809758
sh600053,2014-05-19,6.96,7.05,6.89,6.96,-0.015559,486267.0,3380713.0,3017443970.0,3017443970.0,0.0011216176186363454,14.817142691545854,2014-03-31 00:00:00,2014-04-26 00:00:00,108.07583429848464,5.048712621403104,5.979771590942985,3.918190978245497
sh600053,2014-05-16,6.95,7.08,6.92,7.07,0.017266,910528.0,6336589.0,3065133460.0,3065133460.0,0.0021002129414619355,15.051326277091114,2014-03-31 00:00:00,2014-04-26 00:00:00,109.78396297846662,5.128507062793103,6.074281334222148,3.9801176284261803
sh600053,2014-05-15,7.07,7.07,6.95,6.95,-0.016973,931151.0,6512079.0,3013108560.0,3013108560.0,0.0021477817082037032,14.795860942065413,2014-03-31 00:00:00,2014-04-26 00:00:00,107.92060579874547,5.041461193820596,5.971182890435881,3.9125633103103614
sh600053,2014-05-14,7.28,7.37,7.05,7.07,-0.018056,1391540.0,9996716.0,3065133460.0,3065133460.0,0.0032097094395361174,15.05132711722609,2014-03-31 00:00:00,2014-04-26 00:00:00,109.7839691063882,5.128507349056126,6.074281673276402,3.9801178505883987
sh600053,2014-05-13,7.17,7.28,7.1,7.2,0.004184,966608.0,6944872.0,3121493760.0,3121493760.0,0.0022295663983643525,15.328091130681678,2014-03-31 00:00:00,2014-04-26 00:00:00,111.80267826514361,5.22281041388931,6.185975649605681,4.053304313268779
sh600053,2014-05-12,7.12,7.21,7.02,7.17,0.004202,1125757.0,8038531.0,3108487540.0,3108487540.0,0.002596657566142279,15.2642256107264,2014-03-31 00:00:00,2014-04-26 00:00:00,111.33684490605668,5.201049223936361,6.1602013670857945,4.036415948938421
sh600053,2014-05-09,6.95,7.38,6.86,7.14,0.009901,2587225.0,18023247.0,3095481310.0,3095481310.0,0.005967662101632912,15.20035372437657,2014-03-31 00:00:00,2014-04-26 00:00:00,110.87096511066167,5.179285864732754,6.134424515272619,4.01952590110199
sh600053,2014-05-08,7.01,7.15,6.9,7.07,0.001416,2010355.0,14100866.0,3065133460.0,3065133460.0,0.004637060681201137,15.051330501085323,2014-03-31 00:00:00,2014-04-26 00:00:00,109.78399378816505,5.128508502053918,6.074283038904426,3.980118745403747
sh600053,2014-05-07,7.17,7.17,6.96,7.06,-0.015341999999999998,983719.0,6937378.0,3060798050.0,3060798050.0,0.0022690344238817063,15.030047953183615,2014-03-31 00:00:00,2014-04-26 00:00:00,109.62875946476294,5.121256802421688,6.065694016177519,3.974490866337014
sh600053,2014-05-06,7.18,7.29,7.05,7.17,-0.005548,1192493.0,8519039.0,3108487540.0,3108487540.0,0.002750590021666936,15.264231797419626,2014-03-31 00:00:00,2014-04-26 00:00:00,111.33689003162819,5.201051331956567,6.16020386385681,4.036417584924933
sh600053,2014-05-05,7.17,7.28,7.06,7.21,-0.008253,1894341.0,13601659.0,3125829170.0,3125829170.0,0.0043694641860418755,15.349390214328723,2014-03-31 00:00:00,2014-04-26 00:00:00,111.95803319982079,5.230067747821479,6.194571345682657,4.058936564987483
sh600053,2014-04-30,6.99,7.35,6.98,7.27,0.043042000000000004,2952910.0,21241434.0,3151841620.0,3151841620.0,0.006811146716185567,15.477122909702498,2014-03-31 00:00:00,2014-04-26 00:00:00,112.88971199289817,5.273590691800912,6.246120578819656,4.092713731412833
sh600053,2014-04-29,6.53,7.07,6.5,6.97,0.083981,2373133.0,16369777.0,3021779380.0,3021779380.0,0.005473840055788586,14.838446495637278,2014-03-31 00:00:00,2014-04-26 00:00:00,108.23122366395427,5.055971563753821,5.988369192055215,3.923824478221235
sh600053,2014-04-28,6.7,6.81,6.43,6.43,-0.0558,1080800.0,7108121.0,2787667340.0,2787667340.0,0.0024929602970489295,13.688843711870666,2014-03-31 00:00:00,2014-04-26 00:00:00,99.84605234220365,4.664262163039592,5.524422653215522,3.6198277259668155
sh600053,2014-04-25,6.82,7.0,6.8,6.81,-0.013043,884268.0,6089985.0,2952412850.0,2952412850.0,0.0020396419423523372,14.497822190076961,2013-12-31 00:00:00,2014-04-15 00:00:00,115.4610486704021,4.880984475211641,6.546422938435807,3.645312145742182
sh600053,2014-04-24,7.0,7.02,6.89,6.9,-0.018491999999999998,876364.0,6083649.0,2991431520.0,2991431520.0,0.002021410672305813,14.689416246175833,2013-12-31 00:00:00,2014-04-15 00:00:00,116.98690892349121,4.945488481475528,6.632936326948193,3.693486287388592
sh600053,2014-04-23,6.95,7.05,6.9,7.03,0.001425,864888.0,6031902.0,3047791820.0,3047791820.0,0.0019949402712157683,14.966170674284706,2013-12-31 00:00:00,2014-04-15 00:00:00,119.19098868627785,5.038663445917432,6.757903478064562,3.763073033932063
sh600053,2014-04-22,7.04,7.09,6.8,7.02,-0.004255,1314003.0,9120678.0,3043456420.0,3043456420.0,0.0030308635271997747,14.94487422850908,2013-12-31 00:00:00,2014-04-15 00:00:00,119.0213832151962,5.031493567583626,6.748287168848952,3.757718285375403
sh600053,2014-04-21,7.15,7.35,6.98,7.05,-0.013986000000000002,2418871.0,17196706.0,3056462640.0,3056462640.0,0.005579338784262058,15.008736401899162,2013-12-31 00:00:00,2014-04-15 00:00:00,119.52998329411264,5.052994057297426,6.777123830748788,3.7737757009830863
sh600053,2014-04-18,7.15,7.28,7.09,7.15,-0.019204,1229311.0,8846832.0,3099816720.0,3099816720.0,0.0028355139816137256,15.221626064030694,2013-12-31 00:00:00,2014-04-15 00:00:00,121.2254423305477,5.1246676591787,6.873253149294826,3.8273043800423587
sh600053,2014-04-17,7.0,7.35,6.92,7.29,0.036983999999999996,4876317.0,34972360.0,3160512430.0,3160512430.0,0.011247654207137544,15.519665724606028,2013-12-31 00:00:00,2014-04-15 00:00:00,123.59903826131804,5.225008726767544,7.007831546310166,3.9022430556837087
sh600053,2014-04-16,6.78,7.08,6.78,7.03,0.026277,2457699.0,17111187.0,3047791820.0,3047791820.0,0.005668898989957916,14.966157360775123,2013-12-31 00:00:00,2014-04-15 00:00:00,119.19088265712689,5.038658963655703,6.757897466412373,3.7630696864018245
sh600053,2014-04-15,6.98,7.01,6.77,6.85,-0.017217,2047529.0,14080305.0,2969754480.0,2969754480.0,0.00472280578898226,14.582960897277363,2013-12-31 00:00:00,2014-04-15 00:00:00,116.13909564096913,4.909648139494212,6.584866918397638,3.6667193032698036
sh600053,2014-04-14,6.98,7.06,6.88,6.97,-0.005706,2907138.0,20281251.0,3021779380.0,3021779380.0,0.006705569570734181,14.838434219229843,2013-09-30 00:00:00,2013-10-26 00:00:00,145.02881751927652,4.4872207917364015,14.631434363578045,3.766910276257826
sh600053,2014-04-11,6.72,7.09,6.66,7.01,0.036982,3365777.0,23133169.0,3039121010.0,3039121010.0,0.007763460781049979,14.923588213576512,2013-09-30 00:00:00,2013-10-26 00:00:00,145.86110096136204,4.512971808877858,14.71540043848001,3.7885276148280345
sh600053,2014-04-10,6.9,6.91,6.75,6.76,-0.017442,1895867.0,12872021.0,2930735810.0,2930735810.0,0.004372984039117466,14.39136669062386,2013-09-30 00:00:00,2013-10-26 00:00:00,140.65924091388476,4.352025212470282,14.190603538422083,3.653416949212266
sh600053,2014-04-09,6.63,6.89,6.61,6.88,0.031484,3445724.0,23276325.0,2982760700.0,2982760700.0,0.007947865586401216,14.646836818410577,2013-09-30 00:00:00,2013-10-26 00:00:00,143.15617084577678,4.429280726909028,14.442509794253452,3.718271032562216
sh600053,2014-04-08,6.56,6.7,6.56,6.67,0.003008,2597409.0,17293891.0,2891717140.0,2891717140.0,0.005991152381522351,14.199771221279804,2013-09-30 00:00:00,2013-10-26 00:00:00,138.78661311835842,4.294085731731204,14.001680873628144,3.604778195844256
sh600053,2014-04-04,6.4,6.66,6.4,6.65,0.029412,2116807.0,13841414.0,2883046320.0,2883046320.0,0.0048826015913611825,14.157186404574844,2013-09-30 00:00:00,2013-10-26 00:00:00,138.37039497028778,4.2812078584928575,13.95969012572995,3.593967541479486
sh600053,2014-04-03,6.64,6.64,6.41,6.46,-0.03003,3353384.0,21752920.0,2800673570.0,2800673570.0,0.007734875235745521,13.752692220971628,2013-09-30 00:00:00,2013-10-26 00:00:00,134.41692439012542,4.158886683361819,13.560838736803097,3.491281956572768
sh600053,2014-04-02,6.36,6.73,6.36,6.66,0.039001999999999995,5268474.0,34799777.0,2887381730.0,2887381730.0,0.012152198815776257,14.178471726931377,2013-09-30 00:00:00,2013-10-26 00:00:00,138.5784347867722,4.287644652269472,13.980678512534508,3.5993710697988264
sh600053,2014-04-01,6.39,6.48,6.26,6.41,0.0,1875204.0,11925641.0,2778996530.0,2778996530.0,0.00432532301146846,13.64624103411868,2013-09-30 00:00:00,2013-10-26 00:00:00,133.3764851143426,4.12669528284784,13.45587257053837,3.4642580763067117
sh600053,2014-03-31,6.53,6.62,6.25,6.41,-0.040419,3761337.0,24189590.0,2778996530.0,2778996530.0,0.0086758547229996,13.64624103411868,2013-09-30 00:00:00,2013-10-26 00:00:00,133.3764851143426,4.12669528284784,13.45587257053837,3.4642580763067117
sh600053,2014-03-28,6.65,7.0,6.5,6.68,0.050314,9147546.0,62298970.0,2896052540.0,2896052540.0,0.021099619718915736,14.221041302525457,2013-09-30 00:00:00,2013-10-26 00:00:00,138.9945039703189,4.30051791651548,14.022654231939118,3.610177855029135
sh600053,2014-03-27,6.18,6.43,6.13,6.36,0.029126,3612481.0,22775291.0,2757319490.0,2757319490.0,0.00833250526220304,13.5397998146511,2013-09-30 00:00:00,2013-10-26 00:00:00,132.33614325841504,4.094506896523782,13.350916232611503,3.437236726378145
sh600053,2014-03-26,6.36,6.38,6.11,6.18,-0.029827,2889489.0,17959780.0,2679282140.0,2679282140.0,0.006664860618225149,13.156600663719605,2013-09-30 00:00:00,2013-10-26 00:00:00,128.59080740202367,3.978625451619901,12.97306280534308,3.33995713486798
sh600053,2014-03-25,6.46,6.48,6.23,6.37,-0.023006,3882881.0,24621012.0,2761654900.0,2761654900.0,0.008956206646239544,13.56108721199168,2013-09-30 00:00:00,2013-10-26 00:00:00,132.54420335550844,4.10094431778652,13.371906665453567,3.442640781456483
sh600053,2014-03-24,6.15,6.77,6.14,6.52,0.053312,5407965.0,35023410.0,2826686020.0,2826686020.0,0.012473947071065217,13.88042015815008,2013-09-30 00:00:00,2013-10-26 00:00:00,135.66531970053904,4.197512285425008,13.686784837423327,3.5237071890477147
sh600053,2013-12-26,6.1,6.39,6.09,6.19,0.019769,1311294.0,8226239.0,2683617550.0,2683617550.0,0.0030246149865877873,13.177880967984871,2013-09-30 00:00:00,2013-10-26 00:00:00,128.7987981723735,3.9850607278992434,12.994046244060002,3.3453593892860947
sh600053,2013-12-25,6.07,6.1,5.98,6.07,0.0,361317.0,2191021.0,2631592660.0,2631592660.0,0.0008334094494700407,12.922417692619478,2013-09-30 00:00:00,2013-10-26 00:00:00,126.30193521510606,3.9078072856688557,12.742146745056969,3.2805070455035352
sh600053,2013-12-24,6.05,6.1,5.96,6.07,0.009983,823537.0,4970567.0,2631592660.0,2631592660.0,0.001899560545969907,12.922417692619478,2013-09-30 00:00:00,2013-10-26 00:00:00,126.30193521510606,3.9078072856688557,12.742146745056969,3.2805070455035352
sh600053,2013-12-23,6.22,6.25,6.0,6.01,-0.035313,999557.0,6079498.0,2605580210.0,2605580210.0,0.0023055661640905695,12.794688319129605,2013-09-30 00:00:00,2013-10-26 00:00:00,125.05352586638196,3.869181249257518,12.616199228162225,3.248081448404117
sh600053,2013-12-20,6.39,6.39,6.0,6.23,-0.025039,793955.0,4973188.0,2700959180.0,2700959180.0,0.0018313270658166705,13.2630462721376,2013-09-30 00:00:00,2013-10-26 00:00:00,129.63119215494967,4.010815165185721,13.078023470993415,3.3669795989830034
sh600053,2013-12-19,6.36,6.48,6.34,6.39,0.007886,855952.0,5490823.0,2770325710.0,2770325710.0,0.001974328599794859,13.603668528420727,2013-09-30 00:00:00,2013-10-26 00:00:00,132.96038729236318,4.113821132522964,13.413893961905568,3.453450547235226
sh600053,2013-12-18,6.36,6.4,6.26,6.34,0.007949,617171.0,3912430.0,2748648670.0,2748648670.0,0.0014235592139172882,13.497229377549372,2013-09-30 00:00:00,2013-10-26 00:00:00,131.9200656546109,4.081633371753317,13.308939663717492,3.4264297224440323
sh600053,2013-12-17,6.4,6.4,6.28,6.29,-0.011006,666554.0,4205618.0,2726971630.0,2726971630.0,0.0015374654484395938,13.39078601948052,2013-09-30 00:00:00,2013-10-26 00:00:00,130.8797028962883,4.0494443387049515,13.203981217023372,3.3994078296064902
sh600053,2013-12-16,6.51,6.54,6.32,6.36,-0.018519,1225006.0,7833242.0,2757319490.0,2757319490.0,0.0028255841182916385,13.539805114571495,2013-09-30 00:00:00,2013-10-26 00:00:00,132.33619505910886,4.094508499247671,13.350921458596687,3.4372380718249964
sh600053,2013-12-13,6.48,6.55,6.45,6.48,-0.003077,732520.0,4758879.0,2809344380.0,2809344380.0,0.001689621832692509,13.795279903096946,2013-09-30 00:00:00,2013-10-26 00:00:00,134.833170544421,4.1717654231184005,13.602832310148326,3.502093338358049
sh600053,2013-12-12,6.46,6.56,6.46,6.5,0.004637,587282.0,3817384.0,2818015200.0,2818015200.0,0.0013546176046176047,13.837858995225254,2013-09-30 00:00:00,2013-10-26 00:00:00,135.24933274126585,4.184641565214566,13.644817413329138,3.5129025394720044
sh600053,2013-12-11,6.51,6.55,6.45,6.47,-0.01372,765575.0,4973121.0,2805008980.0,2805008980.0,0.0017658660935909018,13.773989008194258,2013-09-30 00:00:00,2013-10-26 00:00:00,134.62507626263601,4.165326944174429,13.581838428536017,3.4966883953826153
sh600053,2013-12-10,6.53,6.59,6.49,6.56,0.007679999999999999,1032069.0,6751441.0,2844027650.0,2844027650.0,0.0023805579527329842,13.965596999020823,2013-09-30 00:00:00,2013-10-26 00:00:00,136.4978264414122,4.223270211475878,13.770773440134665,3.54533032747558
sh600053,2013-12-09,6.54,6.62,6.44,6.51,0.006182,822221.0,5353305.0,2822350610.0,2822350610.0,0.001896525077725903,13.859158660508122,2013-09-30 00:00:00,2013-10-26 00:00:00,135.4575127435418,4.191082696367773,13.665819942972634,3.5183097089111426
sh600053,2013-12-06,6.65,6.65,6.44,6.47,-0.006144,1230804.0,8045236.0,2805008980.0,2805008980.0,0.00283895771342593,13.774007744630815,2013-09-30 00:00:00,2013-10-26 00:00:00,134.62525938999286,4.165332610171692,13.581856903594614,3.4966931518464284
sh600053,2013-12-05,6.45,6.7,6.43,6.51,0.00774,1678108.0,10995964.0,2822350610.0,2822350610.0,0.0038707037464774793,13.859158413925975,2013-09-30 00:00:00,2013-10-26 00:00:00,135.4575103334818,4.1910826218000325,13.665819699830372,3.518309646313378
sh600053,2013-12-04,6.4,6.58,6.39,6.46,0.010955,1282962.0,8339921.0,2800673570.0,2800673570.0,0.0029592647314481565,13.752712419796747,2013-09-30 00:00:00,2013-10-26 00:00:00,134.4171218106672,4.158892791593101,13.560858653849575,3.491287084281042
sh600053,2013-12-03,6.27,6.43,6.25,6.39,0.020766999999999997,971916.0,6190941.0,2770325710.0,2770325710.0,0.00224180976900366,13.603684060909485,2013-09-30 00:00:00,2013-10-26 00:00:00,132.9605391047744,4.113825829629509,13.413909277712238,3.4534544903393742
sh600053,2013-12-02,6.74,6.74,6.25,6.26,-0.086131,2690155.0,17436444.0,2713965410.0,2713965410.0,0.006205079194432327,13.32692383365595,2013-09-30 00:00:00,2013-10-26 00:00:00,130.25552266557835,4.030132076790795,13.141009924607905,3.383195665944701
sh600053,2013-11-29,6.77,6.95,6.77,6.85,0.007353,1574930.0,10836332.0,2969754480.0,2969754480.0,0.0036327146141724147,14.582969587168346,2013-09-30 00:00:00,2013-10-26 00:00:00,142.53194130184778,4.409966939233955,14.37953352680516,3.7020575880620754
sh600053,2013-11-28,6.7,6.86,6.7,6.8,0.005917,1394568.0,9479685.0,2948077440.0,2948077440.0,0.0032166937921413626,14.476523708340917,2013-09-30 00:00:00,2013-10-26 00:00:00,141.49155390597713,4.377777143894895,14.274572594517672,3.6750350553004507
sh600053,2013-11-27,6.67,6.8,6.62,6.76,0.005952000000000001,1394440.0,9360909.0,2930735810.0,2930735810.0,0.0032163985466844244,14.391369972215319,2013-09-30 00:00:00,2013-10-26 00:00:00,140.65927298770887,4.352026204840852,14.190606774234528,3.6534177822826845
sh600053,2013-11-26,6.79,6.85,6.7,6.72,-0.010309,1234885.0,8362969.0,2913394180.0,2913394180.0,0.002848370899127697,14.30621935461664,2013-09-30 00:00:00,2013-10-26 00:00:00,139.8270225494943,4.326276208845803,14.106644028974076,3.6318013009394936
sh600053,2013-11-25,6.68,6.85,6.65,6.79,0.0,1398246.0,9468062.0,2943742030.0,2943742030.0,0.0032251774249389647,14.455238407358095,2013-09-30 00:00:00,2013-10-26 00:00:00,141.28351429839645,4.371340356581804,14.253584228788656,3.6696315324070774
sh600053,2013-11-22,6.99,6.99,6.75,6.79,-0.036879,2633242.0,17949274.0,2943742030.0,2943742030.0,0.006073804361179026,14.455238407358095,2013-09-30 00:00:00,2013-10-26 00:00:00,141.28351429839645,4.371340356581804,14.253584228788656,3.6696315324070774
sh600053,2013-11-21,7.0,7.19,6.9,7.05,-0.013986000000000002,4644686.0,32711298.0,3056462640.0,3056462640.0,0.010713376918619885,15.008745949219355,2013-09-30 00:00:00,2013-10-26 00:00:00,146.69342097036247,4.538723957407019,14.799370202486145,3.8101459031700875
sh600053,2013-11-20,6.8,7.15,6.8,7.15,0.1,3619094.0,25503510.0,3099816720.0,3099816720.0,0.008347758734587379,15.221635746773735,2013-09-30 00:00:00,2013-10-26 00:00:00,148.77417660435094,4.60310295534041,15.00929013430453,3.864190471098877
sh600053,2013-11-19,6.54,6.59,6.41,6.5,-0.006116,1064847.0,6906022.0,2818015200.0,2818015200.0,0.002456163295357669,13.837850678885212,2013-09-30 00:00:00,2013-10-26 00:00:00,135.24925145850085,4.184639050309463,13.644809213004116,3.512900428271706
sh600053,2013-11-18,6.38,6.57,6.34,6.54,0.023474000000000002,1438248.0,9301168.0,2835356830.0,2835356830.0,0.0033174455576372728,13.923003769942179,2013-09-30 00:00:00,2013-10-26 00:00:00,136.08152607195694,4.210389794291349,13.7287743972175,3.534517537531247
sh600053,2013-11-15,6.31,6.54,6.28,6.39,0.019139,919951.0,5921922.0,2770325710.0,2770325710.0,0.002121947924311037,13.60367119237243,2013-09-30 00:00:00,2013-10-26 00:00:00,132.96041332946118,4.113821938116014,13.413896588694485,3.4534512235105606
sh600053,2013-11-14,6.41,6.41,6.21,6.27,-0.023364,906772.0,5697727.0,2718300820.0,2718300820.0,0.002091549396655812,13.348199992711915,2013-09-30 00:00:00,2013-10-26 00:00:00,130.4634729212219,4.036566099536976,13.161989275942227,3.388596868052896
sh600053,2013-11-13,6.45,6.47,6.34,6.42,-0.003106,597160.0,3821300.0,2783331940.0,2783331940.0,0.001377402078747388,13.6675281197006,2013-09-30 00:00:00,2013-10-26 00:00:00,133.58454216434978,4.133132609833117,13.47686269597089,3.469662052241466
sh600053,2013-11-12,6.43,6.5,6.38,6.44,0.0,735849.0,4724735.0,2792002750.0,2792002750.0,0.0016973004629024812,13.710111726723806,2013-09-30 00:00:00,2013-10-26 00:00:00,134.0007484891571,4.146010117257319,13.518852251062693,3.480472399514358
sh600053,2013-11-11,6.45,6.52,6.41,6.44,-0.009231,510495.0,3296507.0,2792002750.0,2792002750.0,0.0011775016339077746,13.710111726723806,2013-09-30 00:00:00,2013-10-26 00:00:00,134.0007484891571,4.146010117257319,13.518852251062693,3.480472399514358
sh600053,2013-11-08,6.5,6.56,6.4,6.5,-0.006116,629358.0,4069083.0,2818015200.0,2818015200.0,0.0014516696006465827,13.837848910012129,2013-09-30 00:00:00,2013-10-26 00:00:00,135.24923416977833,4.184638515392911,13.644807468807254,3.5128999792225613
sh600053,2013-11-07,6.68,6.7,6.48,6.54,-0.020958,929805.0,6119078.0,2835356830.0,2835356830.0,0.0021446770422895944,13.923001990184094,2013-09-30 00:00:00,2013-10-26 00:00:00,136.0815086768459,4.210389256083115,13.728772642287483,3.534517085718817
sh600053,2013-11-06,6.75,6.83,6.68,6.68,-0.013294,586169.0,3957891.0,2896052540.0,2896052540.0,0.001352050374058476,14.221046686642753,2013-09-30 00:00:00,2013-10-26 00:00:00,138.99455659394175,4.300519544700958,14.022659540946643,3.6101792218503572
sh600053,2013-11-05,6.69,6.82,6.64,6.77,0.0014789999999999998,666448.0,4469360.0,2935071220.0,2935071220.0,0.0015372209468906856,14.412648434936804,2013-09-30 00:00:00,2013-10-26 00:00:00,140.86724575906274,4.358460924227639,14.211588397097659,3.6588195692033465
sh600053,2013-11-04,6.6,6.89,6.6,6.76,-0.0073420000000000004,763069.0,5142757.0,2930735810.0,2930735810.0,0.0017600857854191913,14.391363608160333,2013-09-30 00:00:00,2013-10-26 00:00:00,140.65921078630979,4.3520242803170515,14.1906004989597,3.653416166692808
sh600053,2013-11-01,6.89,6.94,6.7,6.81,0.001471,706103.0,4808738.0,2952412850.0,2952412850.0,0.0016286886944012588,14.497806503509096,2013-09-30 00:00:00,2013-10-26 00:00:00,141.69956902206982,4.384213173436422,14.29555848938879,3.680437942063438
sh600053,2013-10-31,6.73,7.05,6.68,6.8,0.005917,1322672.0,9138519.0,2948077440.0,2948077440.0,0.0030508593424194447,14.476511555011673,2013-09-30 00:00:00,2013-10-26 00:00:00,141.49143512100682,4.377773468664016,14.274560610730406,3.675031970035515
sh600053,2013-10-30,6.56,6.77,6.5,6.76,0.025797000000000004,906795.0,6041477.0,2930735810.0,2930735810.0,0.002091602449829826,14.391357890374328,2013-09-30 00:00:00,2013-10-26 00:00:00,140.6591549014549,4.352022551228398,14.190594860938235,3.6534147151658787
sh600053,2013-10-29,6.76,6.86,6.35,6.59,-0.029455000000000002,1299741.0,8621580.0,2857033870.0,2857033870.0,0.0029979669754492616,14.029440415963712,2013-09-30 00:00:00,2013-10-26 00:00:00,137.12182322765116,4.242576797581195,13.833726225499035,3.5615377264369834
sh600053,2013-10-28,6.75,6.83,6.7,6.79,0.010417000000000001,855556.0,5787206.0,2943742030.0,2943742030.0,0.0019734151908684743,14.455218888319154,2013-09-30 00:00:00,2013-10-26 00:00:00,141.28332352199143,4.371334453921452,14.253564982045175,3.6696265772704857
sh600053,2013-10-25,6.78,6.8,6.6,6.72,-0.007386,1055565.0,7068856.0,2913394180.0,2913394180.0,0.002434753542344208,14.306191293613583,2013-06-30 00:00:00,2013-08-20 00:00:00,168.76770131416936,6.3845057094149675,33.69430571062774,3.68702010027806
sh600053,2013-10-24,7.01,7.03,6.76,6.77,-0.034237000000000004,1487406.0,10205819.0,2935071220.0,2935071220.0,0.0034308328027556345,14.412643075368255,2013-06-30 00:00:00,2013-08-20 00:00:00,170.02349484711013,6.4320125541398445,33.94502365534613,3.7144550653910384
sh600053,2013-10-23,7.15,7.18,7.0,7.01,-0.022315,1235299.0,8728311.0,3039121010.0,3039121010.0,0.0028493258285888392,14.923581743521188,2013-06-30 00:00:00,2013-08-20 00:00:00,176.05095126559013,6.660032072195605,35.148399405802586,3.846135196099911
sh600053,2013-10-22,7.18,7.2,7.08,7.17,-0.001393,1185098.0,8450170.0,3108487540.0,3108487540.0,0.0027335328035447103,15.264202420535435,2013-06-30 00:00:00,2013-08-20 00:00:00,180.06919536004966,6.812042807443713,35.9506378903252,3.9339206350715323
sh600053,2013-10-21,7.18,7.26,7.04,7.18,-0.002778,1446646.0,10328486.0,3112822940.0,3112822940.0,0.0033368162854775156,15.285495115230951,2013-06-30 00:00:00,2013-08-20 00:00:00,180.32038165169044,6.821545219935082,36.000786986597525,3.9394082307369485
sh600053,2013-10-18,7.12,7.23,7.1,7.2,0.011236,647950.0,4646062.0,3121493760.0,3121493760.0,0.0014945536844513828,15.328076511780678,2013-06-30 00:00:00,2013-08-20 00:00:00,180.82270713210343,6.8405482630097225,36.10107577510075,3.9503823930247712
sh600053,2013-10-17,7.15,7.22,7.11,7.12,-0.001403,1020388.0,7316065.0,3086810500.0,3086810500.0,0.0023536146971121163,15.157763876860274,2013-06-30 00:00:00,2013-08-20 00:00:00,178.81355799447746,6.764541870552198,35.69995112426847,3.906489081702759
sh600053,2013-10-16,7.31,7.31,7.12,7.13,-0.027285000000000004,1271867.0,9140164.0,3091145900.0,3091145900.0,0.0029336731436714132,15.17906009817802,2013-06-30 00:00:00,2013-08-20 00:00:00,179.06478588907987,6.774045856889415,35.7501085265312,3.911977586256277
sh600053,2013-10-15,7.47,7.52,7.32,7.33,-0.017426,1314749.0,9704233.0,3177854060.0,3177854060.0,0.0030325842496366873,15.60483810589743,2013-06-30 00:00:00,2013-08-20 00:00:00,184.0876165054305,6.964060240552898,36.75291172289025,4.021709942024412
sh600053,2013-10-14,7.42,7.49,7.35,7.46,0.002688,1601944.0,11868765.0,3234214370.0,3234214370.0,0.0036950247796963443,15.88159070553203,2013-06-30 00:00:00,2013-08-20 00:00:00,187.3524197723841,7.087568204077148,37.40472648664656,4.093035172948208
sh600053,2013-10-11,7.46,7.52,7.37,7.44,0.0,1474008.0,10962723.0,3225543550.0,3225543550.0,0.0033999291437252495,15.839015432050678,2013-06-30 00:00:00,2013-08-20 00:00:00,186.85016652476554,7.068567893579209,37.304452119349754,4.082062588709757
sh600053,2013-10-10,7.37,7.44,7.3,7.44,0.0040490000000000005,1471999.0,10864783.0,3225543550.0,3225543550.0,0.0033952952084618424,15.839015432050678,2013-06-30 00:00:00,2013-08-20 00:00:00,186.85016652476554,7.068567893579209,37.304452119349754,4.082062588709757
sh600053,2013-10-09,7.22,7.57,7.16,7.41,0.026316000000000003,2170385.0,16074633.0,3212537330.0,3212537330.0,0.005006183959269355,15.77514188256816,2013-06-30 00:00:00,2013-08-20 00:00:00,186.09666114379434,7.040062679788744,37.154015510547545,4.065600970380686
sh600053,2013-10-08,7.15,7.25,7.12,7.22,0.005571,1233977.0,8875738.0,3130164580.0,3130164580.0,0.002846276517511421,15.370647912112993,2013-06-30 00:00:00,2013-08-20 00:00:00,181.32491468884277,6.859546845015321,36.201341020258425,3.9613539790675443
sh600053,2013-09-30,7.18,7.2,7.06,7.18,0.011268,748528.0,5342385.0,3112822940.0,3112822940.0,0.0017265456929586877,15.285492433764492,2013-06-30 00:00:00,2013-08-20 00:00:00,180.32035001888752,6.82154402326173,36.00078067113951,3.9394075396640758
sh600053,2013-09-27,7.18,7.21,7.07,7.1,-0.0014060000000000001,1231659.0,8763465.0,3078139680.0,3078139680.0,0.00284092985020095,15.115174645854998,2013-06-30 00:00:00,2013-08-20 00:00:00,178.31114009232715,6.745535331150327,35.59964388385621,3.895512900303456
sh600053,2013-09-26,7.18,7.28,7.08,7.11,-0.013869999999999999,1303843.0,9358433.0,3082475090.0,3082475090.0,0.0030074285953110495,15.1364565036992,2013-06-30 00:00:00,2013-08-20 00:00:00,178.56219854347927,6.7550329074181565,35.64976745690061,3.9009977030739775
sh600053,2013-09-25,7.16,7.32,7.16,7.21,-0.0027660000000000002,1263671.0,9169852.0,3125829170.0,3125829170.0,0.0029147683428906003,15.349352016163387,2013-06-30 00:00:00,2013-08-20 00:00:00,181.07369063255277,6.850043003882,36.151184384311,3.9558655583685494
sh600053,2013-09-24,7.28,7.31,7.15,7.23,-0.010944,1038314.0,7498027.0,3134499980.0,3134499980.0,0.002394962599425507,15.391926083710931,2013-06-30 00:00:00,2013-08-20 00:00:00,181.5759296539757,6.869042776200971,36.25145591136183,3.9668378318113398
sh600053,2013-09-23,7.28,7.34,7.2,7.31,0.00137,1134774.0,8250169.0,3169183250.0,3169183250.0,0.0026174560716866087,15.562239229842325,2013-06-30 00:00:00,2013-08-20 00:00:00,183.5850848222706,6.945049396799546,36.65258176621125,4.010731274883667
sh600053,2013-09-18,7.15,7.3,7.07,7.3,0.016713,1518874.0,10896929.0,3164847840.0,3164847840.0,0.0035034165181224005,15.540948130902985,2013-06-30 00:00:00,2013-08-20 00:00:00,183.33391735549358,6.9355476964554015,36.60243642830447,4.005244090479709
sh600053,2013-09-17,7.51,7.51,7.13,7.18,-0.034946,2488653.0,18048150.0,3112822940.0,3112822940.0,0.005740297114361409,15.285481872370065,2013-06-30 00:00:00,2013-08-20 00:00:00,180.32022542791682,6.82153930996791,36.00075579667465,3.939404817760479
sh600053,2013-09-16,7.72,7.76,7.43,7.44,-0.029987,1942479.0,14748738.0,3225543550.0,3225543550.0,0.0044804987240057575,15.838991260976139,2013-06-30 00:00:00,2013-08-20 00:00:00,186.84988138271729,7.068557106615702,37.30439519102004,4.0820563592923085
sh600053,2013-09-13,7.5,7.71,7.48,7.67,0.01321,2450279.0,18643246.0,3325257940.0,3325257940.0,0.005651784092875514,16.32863813266022,2013-06-30 00:00:00,2013-08-20 00:00:00,192.6261621057834,7.287074613036838,38.457623960730466,4.208249125828528
sh600053,2013-09-12,7.4,7.79,7.31,7.57,0.013387,2975138.0,22562151.0,3281903860.0,3281903860.0,0.006862417554181493,16.11574908721807,2013-06-30 00:00:00,2013-08-20 00:00:00,190.11474630706707,7.19206740264786,37.9562222646149,4.15338293722775
sh600053,2013-09-11,7.39,7.8,7.3,7.47,0.012195000000000001,3446898.0,26055433.0,3238549780.0,3238549780.0,0.007950573500216508,15.902857533418203,2013-06-30 00:00:00,2013-08-20 00:00:00,187.60330091768205,7.097059072839754,37.454814660751424,4.098516102168026
sh600053,2013-09-10,7.3,7.45,7.2,7.38,0.008197,1864807.0,13649716.0,3199531100.0,3199531100.0,0.004301341424685636,15.711258733167229,2013-06-30 00:00:00,2013-08-20 00:00:00,185.3430425142211,7.01155318178785,37.00355629177324,4.049136877941529
sh600053,2013-09-09,7.2,7.48,7.07,7.32,0.008264,2163064.0,15830124.0,3173518660.0,3173518660.0,0.004989297425464012,15.583520614688625,2013-06-30 00:00:00,2013-08-20 00:00:00,183.83613769354713,6.954546761979902,36.70270422523897,4.016215955752228
sh600053,2013-09-06,7.2,7.32,7.16,7.26,0.0,1935240.0,13969129.0,3147506210.0,3147506210.0,0.004463801327972598,15.455793933621178,2013-06-30 00:00:00,2013-08-20 00:00:00,182.32936779806388,6.897545446410762,36.40187909638642,3.983297981235299
sh600053,2013-09-05,7.22,7.46,7.22,7.26,-0.017591,1545287.0,11318425.0,3147506210.0,3147506210.0,0.0035643404242878362,15.455793933621178,2013-06-30 00:00:00,2013-08-20 00:00:00,182.32936779806388,6.897545446410762,36.40187909638642,3.983297981235299
sh600053,2013-09-04,7.55,7.66,7.3,7.39,-0.021192,2137068.0,15983103.0,3203866510.0,3203866510.0,0.0049293353735889575,15.732545135092593,2013-06-30 00:00:00,2013-08-20 00:00:00,185.59415457112453,7.021052785968737,37.05369056715321,4.054622851821694
sh600053,2013-09-03,7.28,7.77,7.28,7.55,0.012064,2621473.0,19859928.0,3273233040.0,3273233040.0,0.006046658123064773,16.073167705099053,2013-06-30 00:00:00,2013-08-20 00:00:00,189.61242099689062,7.173064366013291,37.855933510099234,4.1424087786590365
sh600053,2013-09-02,8.07,8.07,7.14,7.46,-0.059269,4682130.0,35308433.0,3234214370.0,3234214370.0,0.010799744792426978,15.881572415478717,2013-06-30 00:00:00,2013-08-20 00:00:00,187.35220400774125,7.087560041670578,37.404683409447664,4.093030459199257
sh600053,2013-08-30,7.22,7.93,7.1,7.93,0.099861,5504016.0,42450599.0,3437978540.0,3437978540.0,0.01269549718597138,16.88216122938302,2013-06-30 00:00:00,2013-08-20 00:00:00,199.1559797729013,7.534098527284183,39.76129564078111,4.3509042002434875
sh600053,2013-08-29,7.11,7.25,7.03,7.21,0.01264,1437442.0,10281465.0,3125829170.0,3125829170.0,0.0033155864432604294,15.349358900245594,2013-06-30 00:00:00,2013-08-20 00:00:00,181.07377184289774,6.85004607608069,36.15120059787657,3.9558673325479203
sh600053,2013-08-28,7.19,7.27,7.09,7.12,-0.021978,1563366.0,11188509.0,3086810500.0,3086810500.0,0.0036060412260487,15.15776475375809,2013-06-30 00:00:00,2013-08-20 00:00:00,178.81356833909163,6.764542261890396,35.699953189560524,3.9064893076986107
sh600053,2013-08-27,7.12,7.47,7.12,7.28,0.012517,2297277.0,16815651.0,3156177020.0,3156177020.0,0.0052988715316101,15.498388332530446,2013-06-30 00:00:00,2013-08-20 00:00:00,182.83184666509712,6.916554292122668,36.502198508377646,3.9942754945171073
sh600053,2013-08-26,7.11,7.2,7.05,7.19,0.008415,1391437.0,9940161.0,3117158350.0,3117158350.0,0.003209471867221632,15.306793202020755,2013-06-30 00:00:00,2013-08-20 00:00:00,180.5716315529489,6.83105003878717,36.05094878246751,3.9448972160636395
sh600053,2013-08-23,7.19,7.23,6.99,7.13,-0.008345,1659395.0,11760073.0,3091145900.0,3091145900.0,0.003827540573222377,15.179061400336916,2013-06-30 00:00:00,2013-08-20 00:00:00,179.06480125042654,6.774046438011304,35.75011159340896,3.9119779218512605
sh600053,2013-08-22,7.14,7.21,7.05,7.19,0.0070030000000000005,1921651.0,13671554.0,3117158350.0,3117158350.0,0.004432457109533753,15.306796618115088,2013-06-30 00:00:00,2013-08-20 00:00:00,180.57167185203176,6.831051563307102,36.05095682813979,3.9448980964662717
sh600053,2013-08-21,7.05,7.17,7.0,7.14,0.005634,1617029.0,11468420.0,3095481310.0,3095481310.0,0.0037298196641348804,15.200348577030145,2013-06-30 00:00:00,2013-08-20 00:00:00,179.31592244713445,6.7835463879522715,35.80024769354191,3.917464095406142
sh600053,2013-08-20,7.23,7.24,7.0,7.1,-0.01662,2561319.0,18227474.0,3078139680.0,3078139680.0,0.005907907629454944,15.115189598830336,2013-06-30 00:00:00,2013-08-20 00:00:00,178.31131649002964,6.745542004300046,35.599679101484156,3.8955167540140274
sh600053,2013-08-19,7.16,7.25,7.06,7.22,0.00979,2347963.0,16828125.0,3130164580.0,3130164580.0,0.005415783236547901,15.370649798481093,2013-03-31 00:00:00,2013-04-27 00:00:00,231.4714179307498,8.666273041859036,-40.24543766547114,3.949699678935095
sh600053,2013-08-16,7.38,7.38,7.1,7.15,-0.037685,2808054.0,20301643.0,3099816720.0,3099816720.0,0.006477023615770419,15.221630040385715,2013-03-31 00:00:00,2013-04-27 00:00:00,229.22728283182622,8.582252787073585,-39.855254721745254,3.911407004362388
sh600053,2013-08-15,7.23,7.47,7.2,7.43,0.030513,2972746.0,21846586.0,3221208140.0,3221208140.0,0.006856900212601598,15.817720850642166,2013-03-31 00:00:00,2013-04-27 00:00:00,238.20400059421937,8.918340446811683,-41.416017335015304,4.0645807291400295
sh600053,2013-08-14,7.45,7.55,7.19,7.21,-0.034806000000000004,3037503.0,22312249.0,3125829170.0,3125829170.0,0.007006267917705817,15.349365656369368,2013-03-31 00:00:00,2013-04-27 00:00:00,231.15089338438173,8.654272626169378,-40.18970875186951,3.9442304261470063
sh600053,2013-08-13,7.4,7.5,7.26,7.47,-0.011904999999999999,3909179.0,28854351.0,3238549780.0,3238549780.0,0.00901686529888696,15.902881344444088,2013-03-31 00:00:00,2013-04-27 00:00:00,239.4864590790885,8.966355599153514,-41.63899563390314,4.086463888241127
sh600053,2013-08-12,7.35,7.69,7.21,7.56,0.081545,10576847.0,79140376.0,3277568450.0,3277568450.0,0.024396428187487586,16.09448620268708,2013-03-31 00:00:00,2013-04-27 00:00:00,242.3718965070044,9.074386166465285,-42.14068043447558,4.135699389472801
sh600053,2013-08-09,6.35,6.99,6.35,6.99,0.100787,4369169.0,29662810.0,3030450190.0,3030450190.0,0.010077872723590287,14.881013922386106,2013-03-31 00:00:00,2013-04-27 00:00:00,224.0978382841254,8.390206756506004,-38.96340922890456,3.823881012322928
sh600053,2013-08-08,6.3,6.42,6.28,6.35,0.007937,1211787.0,7693271.0,2752984080.0,2752984080.0,0.0027950933337761983,13.518522586464144,2013-03-31 00:00:00,2013-04-27 00:00:00,203.57965554110413,7.622007487830074,-35.395956918917605,3.473770141110794
sh600053,2013-08-07,6.35,6.47,6.3,6.3,-0.007873999999999999,2528116.0,16141733.0,2731307040.0,2731307040.0,0.005831321988610991,13.412070979103003,2013-03-31 00:00:00,2013-04-27 00:00:00,201.97656752466088,7.56198798916011,-35.117231452876126,3.446415937812377
sh600053,2013-08-06,6.25,6.38,6.2,6.35,0.009539,1345846.0,8495021.0,2752984080.0,2752984080.0,0.0031043122123684784,13.518515772294046,2013-03-31 00:00:00,2013-04-27 00:00:00,203.57955292438754,7.622003645867672,-35.395939077169764,3.473768390116152
sh600053,2013-08-05,6.24,6.33,6.12,6.29,0.0064,1206553.0,7506130.0,2726971630.0,2726971630.0,0.002783020654307284,13.390781111273608,2013-03-31 00:00:00,2013-04-27 00:00:00,201.6559567529214,7.54998434519882,-35.0614875474546,3.4409452137224537
sh600053,2013-08-02,6.3,6.41,6.21,6.25,0.004823,2012678.0,12704090.0,2709630000.0,2709630000.0,0.004642418891140119,13.305625110565988,2013-03-31 00:00:00,2013-04-27 00:00:00,200.37356593096325,7.501971726151451,-34.838521012971576,3.4190632091836783
sh600053,2013-08-01,6.05,6.26,6.03,6.22,0.019672,1153622.0,7116209.0,2696623780.0,2696623780.0,0.002660930639720161,13.24176010159599,2013-03-31 00:00:00,2013-04-27 00:00:00,199.41180280602978,7.465963384746818,-34.67130132667303,3.40265221753849
sh600053,2013-07-31,6.22,6.4,6.1,6.1,-0.001637,1111488.0,6903640.0,2644598880.0,2644598880.0,0.0025637448655351468,12.986293731313589,2013-03-31 00:00:00,2013-04-27 00:00:00,195.56465491455074,7.321926447668288,-34.00240599592127,3.337006623245995
sh600053,2013-07-30,6.04,6.2,6.04,6.11,0.00659,815510.0,4995443.0,2648934290.0,2648934290.0,0.0018810455656867201,13.007587151480564,2013-03-31 00:00:00,2013-04-27 00:00:00,195.88531918205177,7.333932094506996,-34.058159202535826,3.3424782601578733
sh600053,2013-07-29,6.23,6.23,6.03,6.07,-0.031898,1019013.0,6202055.0,2631592660.0,2631592660.0,0.002350443138110896,12.922428348662876,2013-03-31 00:00:00,2013-04-27 00:00:00,194.60288616224258,7.285917895575155,-33.83518533120319,3.320595535578412
sh600053,2013-07-26,6.35,6.48,6.18,6.27,-0.017241,1969881.0,12444891.0,2718300820.0,2718300820.0,0.004543703838488338,13.348209536456773,2013-03-31 00:00:00,2013-04-27 00:00:00,201.01485810611132,7.525981658518581,-34.95002110439106,3.430005862583087
sh600053,2013-07-25,6.23,6.4,6.11,6.38,0.030695,2566610.0,16038277.0,2765990300.0,2765990300.0,0.005920111795041364,13.582383408808033,2013-03-31 00:00:00,2013-04-27 00:00:00,204.5413556183269,7.658013468733007,-35.563165643246265,3.4901800569448733
sh600053,2013-07-24,6.1,6.2,5.91,6.19,0.0032409999999999995,1847565.0,11123753.0,2683617550.0,2683617550.0,0.004261571232458217,13.177888132578536,2013-03-31 00:00:00,2013-04-27 00:00:00,198.44993486756695,7.429951119131272,-34.504063416671535,3.3862394374134674
sh600053,2013-07-23,6.0,6.19,5.94,6.17,0.021523,1794604.0,10984840.0,2674946740.0,2674946740.0,0.004139412016853838,13.135316571570078,2013-03-31 00:00:00,2013-04-27 00:00:00,197.8088364287015,7.4059484402364655,-34.392597009762895,3.375300089822353
sh600053,2013-07-22,5.97,6.05,5.86,6.04,0.016835,1335917.0,7926516.0,2618586430.0,2618586430.0,0.003081410102625484,12.858561747087514,2013-03-31 00:00:00,2013-04-27 00:00:00,193.64109905376728,7.2499086562284605,-33.66796147493781,3.3041841346913903
sh600053,2013-07-19,6.23,6.23,5.9,5.94,-0.041935,1865089.0,11333175.0,2575232350.0,2575232350.0,0.0043019918804608065,12.645671861302487,2013-03-31 00:00:00,2013-04-27 00:00:00,190.43512374551162,7.129877174004102,-33.11054544241476,3.2494791531481417
sh600053,2013-07-18,6.33,6.4,6.2,6.2,-0.032761,1877806.0,11832866.0,2687952960.0,2687952960.0,0.004331324756516573,13.199179451605568,2013-03-31 00:00:00,2013-04-27 00:00:00,198.77056749334506,7.4419555813061775,-34.55981112180777,3.3917105344085647
sh600053,2013-07-17,6.28,6.6,6.2,6.41,0.015847999999999998,3047264.0,19549700.0,2778996530.0,2778996530.0,0.007028782522445251,13.64624405302678,2013-03-31 00:00:00,2013-04-27 00:00:00,205.50305301310746,7.694019349205499,-35.73037390118448,3.5065899270072496
sh600053,2013-07-16,6.34,6.34,6.19,6.31,0.007987000000000001,1672784.0,10445779.0,2735642450.0,2735642450.0,0.0038584234719709074,13.433352285998279,2013-03-31 00:00:00,2013-04-27 00:00:00,202.2970493746185,7.573986806299268,-35.17295294294469,3.451884462052639
sh600053,2013-07-15,6.16,6.33,6.16,6.26,0.009677,1398962.0,8735305.0,2713965410.0,2713965410.0,0.003226828937366597,13.326910253801168,2013-03-31 00:00:00,2013-04-27 00:00:00,200.69410555356222,7.513972706294098,-34.89425254784505,3.424532719224196
sh600053,2013-07-12,6.2,6.38,6.13,6.2,-0.00161,2345076.0,14698974.0,2687952960.0,2687952960.0,0.005409124123957883,13.199181771795503,2013-03-31 00:00:00,2013-04-27 00:00:00,198.77060243381027,7.4419568894746515,-34.55981719683132,3.3917111306132517
sh600053,2013-07-11,6.02,6.3,6.02,6.21,0.029851,3424455.0,21300100.0,2692288370.0,2692288370.0,0.007898806750036215,13.220466723219886,2013-03-31 00:00:00,2013-04-27 00:00:00,199.09113916787052,7.45395776147062,-34.61554822948078,3.3971805913653497
sh600053,2013-07-10,5.82,6.06,5.76,6.03,0.030769,2361810.0,14093359.0,2614251020.0,2614251020.0,0.005447722575623208,12.837261626409923,2013-03-31 00:00:00,2013-04-27 00:00:00,193.3203338811833,7.23789923151079,-33.61219072417347,3.298710775991235
sh600053,2013-07-09,5.9,5.92,5.71,5.85,-0.011824,1511750.0,8800521.0,2536213680.0,2536213680.0,0.003486984385321981,12.454062575038561,2013-03-31 00:00:00,2013-04-27 00:00:00,187.5496196346449,7.021844110087507,-32.60884904782107,3.2002425140756414
sh600053,2013-07-08,6.03,6.16,5.91,5.92,-0.042071,2162694.0,12989217.0,2566561540.0,2566561540.0,0.0049884439864239525,12.603081409625977,2013-03-31 00:00:00,2013-04-27 00:00:00,189.79374082617355,7.105863844181103,-32.999029573498106,3.2385349513402883
sh600053,2013-07-05,6.01,6.4,6.01,6.18,0.028286000000000002,3542910.0,22026828.0,2679282140.0,2679282140.0,0.008172033647788955,13.156592408859087,2013-03-31 00:00:00,2013-04-27 00:00:00,198.12923591014945,7.417944173504616,-34.448304178595805,3.3807672085721263
sh600053,2013-07-04,5.86,6.13,5.84,6.01,0.011784999999999999,2849527.0,17115820.0,2605580210.0,2605580210.0,0.006572684734199758,12.794682032877125,2013-03-31 00:00:00,2013-04-27 00:00:00,192.67911447802405,7.213892023721626,-33.500703285463196,3.287769364332614
sh600053,2013-07-03,5.84,6.01,5.81,5.94,0.008489,2664407.0,15714224.0,2575232350.0,2575232350.0,0.006145689176357233,12.645653012129184,2013-03-31 00:00:00,2013-04-27 00:00:00,190.43483988992134,7.12986654647146,-33.1104960890537,3.2494743095940484
sh600053,2013-07-02,5.8,5.95,5.74,5.89,0.0,2383325.0,13918391.0,2553555310.0,2553555310.0,0.005497348812076445,12.539207678149372,2013-03-31 00:00:00,2013-04-27 00:00:00,188.8318463462877,7.069850584856613,-32.831787048796464,3.2221217183271693
sh600053,2013-07-01,5.77,5.91,5.62,5.89,0.0068379999999999995,2456487.0,14227156.0,2553555310.0,2553555310.0,0.005666103402318707,12.539207678149372,2013-03-31 00:00:00,2013-04-27 00:00:00,188.8318463462877,7.069850584856613,-32.831787048796464,3.2221217183271693
sh600053,2013-06-28,5.77,6.04,5.6,5.85,0.008621,3681886.0,21593205.0,2536213680.0,2536213680.0,0.008492594007299889,12.454046905410179,2013-03-31 00:00:00,2013-04-27 00:00:00,187.54938366081507,7.0218352752444915,-32.60880801955873,3.2002384875493073
sh600053,2013-06-27,6.15,6.23,5.8,5.8,-0.046053,6039760.0,35793947.0,2514536640.0,2514536640.0,0.013931237844281323,12.347598260803789,2013-03-31 00:00:00,2013-04-27 00:00:00,185.94634026142137,6.961817447033615,-32.33009031098771,3.172885045571436
sh600053,2013-06-26,6.15,6.25,6.04,6.08,-0.0016420000000000002,1685998.0,10329022.0,2635928060.0,2635928060.0,0.003888902734318174,12.943694210269323,2013-03-31 00:00:00,2013-04-27 00:00:00,194.92313541676987,7.297908004358328,-33.89086638040447,3.3260600909394715
sh600053,2013-06-25,6.23,6.3,5.7,6.09,-0.033333,2232094.0,13575804.0,2640263470.0,2640263470.0,0.005148521204211488,12.964982711882232,2013-03-31 00:00:00,2013-04-27 00:00:00,195.24372561422845,7.309910878020038,-33.946606708620024,3.331530463961296
sh600053,2013-06-24,6.88,6.88,6.23,6.3,-0.08959500000000001,2066503.0,13439135.0,2731307040.0,2731307040.0,0.004766570989397077,13.412046456413877,2013-03-31 00:00:00,2013-04-27 00:00:00,201.97619822982315,7.56197416278826,-35.117167244376844,3.446409636370432
sh600053,2013-06-21,6.81,7.0,6.75,6.92,-0.008596,1483920.0,10217784.0,3000102340.0,3000102340.0,0.0034227920371543057,14.731956059571154,2013-03-31 00:00:00,2013-04-27 00:00:00,221.8531293543238,8.30616501753424,-38.57312651443791,3.785578546218916
sh600053,2013-06-20,7.06,7.13,6.96,6.98,-0.023776,1579647.0,11111588.0,3026114780.0,3026114780.0,0.003643594794510736,14.859689954419343,2013-03-31 00:00:00,2013-04-27 00:00:00,223.77671398776263,8.37818388622019,-38.90757603806109,3.818401525734127
sh600053,2013-06-19,7.12,7.16,6.87,7.15,-0.008298999999999999,1481039.0,10373508.0,3099816720.0,3099816720.0,0.0034161467617349972,15.22159868474791,2013-03-31 00:00:00,2013-04-27 00:00:00,229.22681063747933,8.582235108151602,-39.85517262232959,3.9113989471003854
sh600053,2013-06-18,7.21,7.35,7.15,7.23,-0.004132,1757385.0,12690452.0,3134499980.0,3134499980.0,0.0040535631300275205,15.348979868678066,2013-03-31 00:00:00,2013-04-27 00:00:00,231.1450836869977,8.654055111522124,-40.18869863227887,3.94413129269849
sh600053,2013-06-17,7.09,7.37,6.97,7.26,0.022535,2402670.0,17291163.0,3147506210.0,3147506210.0,0.005541969748806309,15.412665000459967,2013-03-31 00:00:00,2013-04-27 00:00:00,232.10413798515236,8.689962034649295,-40.35544734069061,3.9604960624284447
sh600053,2013-06-14,6.98,7.18,6.97,7.1,0.026012,1370948.0,9690950.0,3078139680.0,3078139680.0,0.0031622121839513144,15.072995056853769,2013-03-31 00:00:00,2013-04-27 00:00:00,226.98894217327756,8.498449475714079,-39.46607924490664,3.873213202901069
sh600053,2013-06-13,7.27,7.28,6.8,6.92,-0.049451,2362618.0,16610620.0,3000102340.0,3000102340.0,0.005449586283113262,14.690856497637231,2013-03-31 00:00:00,2013-04-27 00:00:00,221.23419820945327,8.282992280513366,-38.46551428726627,3.775017449017233
sh600053,2013-06-07,7.57,7.65,7.18,7.28,-0.033201,2681197.0,19760555.0,3156177020.0,3156177020.0,0.006184416791679194,15.455128034048988,2013-03-31 00:00:00,2013-04-27 00:00:00,232.74360207569867,8.713903523661974,-40.46662958697161,3.9714075224078225
sh600053,2013-06-06,7.83,7.83,7.51,7.53,-0.038314,2709914.0,20842108.0,3264562220.0,3264562220.0,0.006250655078646349,15.98587507232526,2013-03-31 00:00:00,2013-04-27 00:00:00,240.73628755894313,9.013149086482272,-41.85630062398865,4.107790267064636
sh600053,2013-06-05,7.79,7.91,7.72,7.83,-0.001276,1626125.0,12696440.0,3394624460.0,3394624460.0,0.0037508003904502592,16.62275947900381,2013-03-31 00:00:00,2013-04-27 00:00:00,250.32732883596427,9.372236973900288,-43.5238743456686,4.271446467001324
sh600053,2013-06-04,8.15,8.15,7.79,7.84,-0.032099,2663425.0,21017811.0,3398959870.0,3398959870.0,0.006143424105798578,16.643997219455837,2013-03-31 00:00:00,2013-04-27 00:00:00,250.6471546052406,9.384211227426485,-43.57948176439998,4.276903796245334
sh600053,2013-06-03,7.99,8.16,7.92,8.1,0.015038,3012744.0,24214908.0,3511680480.0,3511680480.0,0.00694915911028443,17.19597068238987,2013-03-31 00:00:00,2013-04-27 00:00:00,258.9594954496799,9.69542466370681,-45.02473059166173,4.418740962397325
sh600053,2013-05-31,8.18,8.3,7.9,7.98,-0.028014999999999998,3838835.0,31110571.0,3459655580.0,3459655580.0,0.008854610695091214,16.941208784685767,2013-03-31 00:00:00,2013-04-27 00:00:00,255.12295643087236,9.551784922049036,-44.35767980278741,4.353276392014215
sh600053,2013-05-30,8.24,8.45,8.11,8.21,-0.010843,3543301.0,29227075.0,3559369970.0,3559369970.0,0.00817293550689815,17.42949611844397,2013-03-31 00:00:00,2013-04-27 00:00:00,262.47622795709026,9.827090872851983,-45.63617731013072,4.478748532142178
sh600053,2013-05-29,8.34,8.43,8.22,8.3,-0.020071000000000002,5228489.0,43489020.0,3598388640.0,3598388640.0,0.012059969903639983,17.620555805038002,2013-03-31 00:00:00,2013-04-27 00:00:00,265.3534554748036,9.93481406172325,-46.13643467127132,4.527843944027266
sh600053,2013-05-28,8.01,8.6,7.87,8.47,0.05875,10206869.0,85250944.0,3672090580.0,3672090580.0,0.023543041367459952,17.981461723286078,2013-03-31 00:00:00,2013-04-27 00:00:00,270.78845046406786,10.138299878586357,-47.08140556231249,4.620583679049468
sh600053,2013-05-27,8.0,8.19,7.87,8.0,-0.009901,5462815.0,43759738.0,3468326400.0,3468326400.0,0.012600463439657813,16.983671049148594,2013-03-31 00:00:00,2013-04-27 00:00:00,255.76240893890704,9.575725977413322,-44.46886003524202,4.36418765435605
sh600053,2013-05-24,8.15,8.41,7.93,8.08,-0.0358,8224103.0,67278522.0,3503009660.0,3503009660.0,0.01896961718341365,17.15350793117516,2013-03-31 00:00:00,2013-04-27 00:00:00,258.3200356114965,9.67148333390229,-44.91354908472993,4.407829574977907
sh600053,2013-05-23,8.0,8.53,7.41,8.38,0.020706,13828554.0,109402786.0,3633071900.0,3633071900.0,0.031896776532278376,17.790404409018006,2013-03-31 00:00:00,2013-04-27 00:00:00,267.9112586719524,10.030578027278874,-46.58115441270476,4.571488876766134
sh600053,2013-03-08,7.55,8.21,7.55,8.21,0.100536,8479290.0,67825135.0,3559369970.0,3559369970.0,0.019558228418722096,17.42950899575197,2012-09-30 00:00:00,2012-10-30 00:00:00,2669.0497629723477,11.556377223516659,287.8478743041491,4.551790956238446
sh600053,2013-03-07,6.77,7.46,6.68,7.46,0.10029500000000001,7147092.0,51881366.0,3234214370.0,3234214370.0,0.01648539651995919,15.837291097930434,2012-09-30 00:00:00,2012-10-30 00:00:00,2425.227128392299,10.500680780562071,261.55243836107957,4.135976429883662
sh600053,2013-03-06,6.86,6.9,6.7,6.78,0.0,1862767.0,12657696.0,2939406620.0,2939406620.0,0.004296635985667066,14.393677239222601,2012-09-30 00:00:00,2012-10-30 00:00:00,2204.1608190460734,9.543514039927537,237.71119414436998,3.75897048508233
sh600053,2013-03-05,6.72,6.86,6.61,6.78,0.007429000000000001,1914209.0,12896562.0,2939406620.0,2939406620.0,0.004415291484918817,14.393677239222601,2012-09-30 00:00:00,2012-10-30 00:00:00,2204.1608190460734,9.543514039927537,237.71119414436998,3.75897048508233
sh600053,2013-03-04,7.05,7.05,6.51,6.73,-0.069156,4009648.0,27126191.0,2917729580.0,2917729580.0,0.00924860591090145,14.28753514066262,2012-09-30 00:00:00,2012-10-30 00:00:00,2187.9068589906324,9.47313809700489,235.95826022912783,3.7312510212454977
sh600053,2013-03-01,7.24,7.28,7.13,7.23,-0.001381,2223836.0,16012977.0,3134499980.0,3134499980.0,0.005129473403282651,15.349011371038133,2012-09-30 00:00:00,2012-10-30 00:00:00,2350.4549193964103,10.176934155459874,253.48851174754077,4.0084600870237095
sh600053,2013-02-28,6.99,7.28,6.95,7.24,0.034286000000000004,3493930.0,25134084.0,3138835390.0,3138835390.0,0.008059056961250841,15.37023766925938,2012-09-30 00:00:00,2012-10-30 00:00:00,2353.705386535215,10.19100793742145,253.83906349422625,4.014003425754676
sh600053,2013-02-27,6.84,7.0,6.8,7.0,0.021897999999999997,1721298.0,11921201.0,3034785600.0,3034785600.0,0.0039703252842639035,14.860722923117377,2012-09-30 00:00:00,2012-10-30 00:00:00,2275.6813749148832,9.853181748009206,245.4244411064505,3.8809414666298063
sh600053,2013-02-26,6.91,7.01,6.84,6.85,-0.014388,1388828.0,9590833.0,2969754480.0,2969754480.0,0.0032034539771112662,14.542276159770717,2012-09-30 00:00:00,2012-10-30 00:00:00,2226.916360453669,9.642040348458659,240.16530133775632,3.7977777299004467
sh600053,2013-02-25,6.82,6.99,6.81,6.95,0.011645,1138953.0,7882703.0,3013108560.0,3013108560.0,0.002627095304524972,14.754564838669493,2012-09-30 00:00:00,2012-10-30 00:00:00,2259.4249668770967,9.782795205880873,243.67124318469777,3.8532178280098526
sh600053,2013-02-22,6.78,6.95,6.75,6.87,0.011781999999999999,1603627.0,11026105.0,2978425300.0,2978425300.0,0.0036989067645913434,14.58472570780214,2012-09-30 00:00:00,2012-10-30 00:00:00,2233.4168279160153,9.670185891178106,240.86635448670017,3.808863611256768
sh600053,2013-02-21,6.97,6.97,6.78,6.79,-0.035511,2283784.0,15672173.0,2943742030.0,2943742030.0,0.005267748736800827,14.414889479949377,2012-09-30 00:00:00,2012-10-30 00:00:00,2207.4091335050584,9.55757850127607,238.0615137319108,3.7645101526383824
sh600053,2013-02-20,6.98,7.04,6.94,7.04,0.010043,1339955.0,9367536.0,3052127230.0,3052127230.0,0.003090724104578039,14.945623516649102,2012-09-30 00:00:00,2012-10-30 00:00:00,2288.682539152918,9.909473826322614,246.82657213499664,3.9031136204128636
sh600053,2013-02-19,7.12,7.15,6.92,6.97,-0.026536,2110856.0,14828928.0,3021779380.0,3021779380.0,0.0048688750798213465,14.79701707417318,2012-09-30 00:00:00,2012-10-30 00:00:00,2265.925845882717,9.810942530488912,244.37234071717404,3.8643044112110703
sh600053,2013-02-18,7.26,7.29,7.13,7.16,-0.01105,2071419.0,14860970.0,3104152130.0,3104152130.0,0.00477791017284968,15.2003742040519,2012-09-30 00:00:00,2012-10-30 00:00:00,2327.693521160225,10.078382488195672,251.0337729152532,3.9696428539844004
sh600053,2013-02-08,7.3,7.3,7.2,7.24,-0.0041270000000000005,2708634.0,19639153.0,3138835390.0,3138835390.0,0.006247702642348505,15.370215080693564,2012-09-30 00:00:00,2012-10-30 00:00:00,2353.7019274586432,10.190992960408185,253.8386904446668,4.013997526653927
sh600053,2013-02-07,7.2,7.35,7.1,7.27,0.011127,4547556.0,33020812.0,3151841620.0,3151841620.0,0.010489338014389187,15.43391083069183,2012-09-30 00:00:00,2012-10-30 00:00:00,2363.45590999921,10.233225481972283,254.89062405012163,4.03063194468966
sh600053,2013-02-06,7.17,7.2,7.06,7.19,0.0027890000000000002,2308697.0,16432462.0,3117158350.0,3117158350.0,0.0053252127630923855,15.26406755105128,2012-09-30 00:00:00,2012-10-30 00:00:00,2337.4471357200528,10.120613416487032,252.08566683524583,3.9862766444666797
sh600053,2013-02-05,6.95,7.2,6.82,7.17,0.024286000000000002,3281247.0,23012882.0,3108487540.0,3108487540.0,0.007568484894103838,15.221614468299196,2012-09-30 00:00:00,2012-10-30 00:00:00,2330.946126971928,10.092465530123517,251.3845553104849,3.9751898400029115
sh600053,2013-02-04,7.12,7.35,6.99,7.0,-0.008499,4884012.0,35147044.0,3034785600.0,3034785600.0,0.011265403394559404,14.860707330080853,2012-09-30 00:00:00,2012-10-30 00:00:00,2275.678987091426,9.853171409277797,245.4241835878699,3.8809373944415055
sh600053,2013-02-01,6.88,7.1,6.8,7.06,0.027656,3541619.0,24789464.0,3060798050.0,3060798050.0,0.008169055825162983,14.988091116479815,2012-09-30 00:00:00,2012-10-30 00:00:00,2295.185770958805,9.937631338019626,247.52792340892233,3.9142042160739177
sh600053,2013-01-31,7.05,7.08,6.86,6.87,-0.029661,2392014.0,16605779.0,2978425300.0,2978425300.0,0.005517390743356901,14.584735666876675,2012-09-30 00:00:00,2012-10-30 00:00:00,2233.418352988553,9.670192494394648,240.86651896054937,3.808866212111755
sh600053,2013-01-30,6.9,7.11,6.85,7.08,0.027576,3671330.0,25718578.0,3069468860.0,3069468860.0,0.008468245675572679,15.030557018605535,2012-09-30 00:00:00,2012-10-30 00:00:00,2301.6887427884003,9.965787724078542,248.22924664529552,3.9252943683720387
sh600053,2013-01-29,6.8,7.03,6.78,6.89,0.00731,2876311.0,19952540.0,2987096110.0,2987096110.0,0.0066344643962594155,14.627197422483139,2012-09-30 00:00:00,2012-10-30 00:00:00,2239.920689845228,9.69834613116552,241.56777371726812,3.8199552815286055
sh600053,2013-01-28,6.56,6.85,6.56,6.84,0.031674,2603674.0,17594027.0,2965419070.0,2965419070.0,0.006005603167581977,14.521048557527614,2012-09-30 00:00:00,2012-10-30 00:00:00,2223.6656936248305,9.627965701884744,239.8147280551847,3.7922340506185837
sh600053,2013-01-25,6.72,6.84,6.6,6.63,-0.025,2557872.0,17053923.0,2874375500.0,2874375500.0,0.005899956828883351,14.075229731027063,2012-09-30 00:00:00,2012-10-30 00:00:00,2155.3956905231985,9.332372146515995,232.45204207451647,3.6758065538324933
sh600053,2013-01-24,6.89,7.05,6.74,6.8,-0.018759,3124698.0,21498630.0,2948077440.0,2948077440.0,0.007207390861482933,14.436133057463655,2012-09-30 00:00:00,2012-10-30 00:00:00,2210.66224669046,9.571663740016406,238.41235084565793,3.770058003930762
sh600053,2013-01-23,6.9,7.01,6.75,6.93,0.0028940000000000003,2720060.0,18714524.0,3004437740.0,3004437740.0,0.006274057721029692,14.712117672889388,2012-09-30 00:00:00,2012-10-30 00:00:00,2252.924864218332,9.754651242677799,242.97022937857054,3.842132568788669
sh600053,2013-01-22,7.18,7.18,6.89,6.91,-0.037604000000000005,3989463.0,27918835.0,2995766930.0,2995766930.0,0.009202047413615052,14.669663666239293,2012-09-30 00:00:00,2012-10-30 00:00:00,2246.423713990045,9.726502743737424,242.26910259565872,3.831045523044977
sh600053,2013-01-21,7.23,7.45,7.15,7.18,-0.001391,6113324.0,44393494.0,3112822940.0,3112822940.0,0.014100919700880898,15.242856024172266,2012-09-30 00:00:00,2012-10-30 00:00:00,2334.1989305754023,10.106549428444655,251.7353590368816,3.9807371633350273
sh600053,2013-01-18,7.05,7.23,7.01,7.19,0.019858,5054952.0,36136600.0,3117158350.0,3117158350.0,0.011659691552083006,15.264088371096461,2012-09-30 00:00:00,2012-10-30 00:00:00,2337.4503239760534,10.120627220908942,252.08601067773438,3.986282081710687
sh600053,2013-01-17,7.04,7.17,6.93,7.05,-0.001416,3545377.0,25067440.0,3056462640.0,3056462640.0,0.008177723988145983,14.966876144616663,2012-09-30 00:00:00,2012-10-30 00:00:00,2291.937038270086,9.923565065831657,247.1775587167374,3.908663835269898
sh600053,2013-01-16,7.06,7.22,6.95,7.06,-0.002825,3641894.0,25798783.0,3060798050.0,3060798050.0,0.008400348935141277,14.988099293215857,2012-09-30 00:00:00,2012-10-30 00:00:00,2295.1870230947884,9.937636759483086,247.5280584474991,3.9142063514635708
sh600053,2013-01-15,7.07,7.14,7.0,7.08,0.0014140000000000001,4881687.0,34532858.0,3069468860.0,3069468860.0,0.011260040592169422,15.030560626987095,2012-09-30 00:00:00,2012-10-30 00:00:00,2301.6892953541637,9.965790116562374,248.22930623762034,3.925295310716344
sh600053,2013-01-14,6.78,7.13,6.78,7.07,0.030612,4898488.0,34110433.0,3065133460.0,3065133460.0,0.011298793547475743,15.009337423869743,2012-09-30 00:00:00,2012-10-30 00:00:00,2298.4393021808796,9.951718386763488,247.87880560649273,3.9197527802850205
sh600053,2013-01-11,7.1,7.17,6.8,6.86,-0.041899,4935000.0,34502406.0,2974089890.0,2974089890.0,0.011383011695050013,14.563518980828615,2012-09-30 00:00:00,2012-10-30 00:00:00,2230.169357799909,9.656125085641822,240.51612595864663,3.803325383641002
sh600053,2013-01-10,7.16,7.33,7.11,7.16,-0.005556,5450949.0,39220292.0,3104152130.0,3104152130.0,0.012573093458534844,15.20040056406226,2012-09-30 00:00:00,2012-10-30 00:00:00,2327.697557773042,10.078399965809265,251.03420825011838,3.9696497380140534
sh600053,2013-01-09,7.25,7.26,7.11,7.2,-0.010989,5260493.0,37785271.0,3121493760.0,3121493760.0,0.012133789945490712,15.285325834398177,2012-09-30 00:00:00,2012-10-30 00:00:00,2340.702500867864,10.134708405711399,252.43674681542493,3.9918283362502605
sh600053,2013-01-08,7.42,7.42,7.13,7.28,-0.018868,7611642.0,55102896.0,3156177020.0,3156177020.0,0.01755692200052835,15.455162616389684,2012-09-30 00:00:00,2012-10-30 00:00:00,2366.710280136281,10.2473161630269,255.24159672180073,4.036181939584352
sh600053,2013-01-07,7.39,7.43,7.31,7.42,-0.002688,4541013.0,33436477.0,3216872740.0,3216872740.0,0.010474246009495546,15.752378493810909,2012-09-30 00:00:00,2012-10-30 00:00:00,2412.224124925373,10.444380738806705,260.1501089779976,4.1138011394841385
sh600053,2013-01-04,7.66,7.71,7.4,7.44,-0.024902,7506191.0,56283192.0,3225543550.0,3225543550.0,0.017313689979476483,15.794835010318646,2012-09-30 00:00:00,2012-10-30 00:00:00,2418.725659498104,10.472530901870934,260.85127721114117,4.124888840687908
