code,date,open,high,low,close,change,volume,money,traded_market_value,market_value,turnover,adjust_price,report_type,report_date,PE_TTM,PS_TTM,PC_TTM,PB
sz000615,2014-10-27,9.65,9.84,9.58,9.75,0.002055,2594102.0,25189763.3,2063806610.0,2063853830.0,0.012255263830170598,45.445720733367956,2014-06-30 00:00:00,2014-08-13 00:00:00,-78.05193728751578,2.979557165135567,58.620959519396656,3.416170569380087
sz000615,2014-10-24,9.99,10.06,9.69,9.73,-0.02505,4018346.0,39438499.13,2059573160.0,2059620280.0,0.01898379107834169,45.35252130209216,2014-06-30 00:00:00,2014-08-13 00:00:00,-77.89186949570212,2.9734467321010998,58.50074049767395,3.40916473584792
sz000615,2014-10-23,10.2,10.33,9.97,9.98,-0.02729,3293801.0,33264691.8,2112491279.9999998,2112539609.9999998,0.01556083771384846,46.5177919914787,2014-06-30 00:00:00,2014-08-13 00:00:00,-79.89319400554092,3.0498453583271954,60.003836604619664,3.4967585372049026
sz000615,2014-10-22,10.43,10.43,10.25,10.26,-0.017241,2060194.0,21319744.14,2171759570.0,2171809260.0,0.009732933024441559,47.822878341415944,2014-06-30 00:00:00,2014-08-13 00:00:00,-82.1346485648764,3.1354107167883494,61.68728254528037,3.5948623301959497
sz000615,2014-10-21,10.59,10.59,10.4,10.44,-0.015094,2011751.0,21089821.06,2209860620.0,2209911180.0,0.009504074713997121,48.661857425285284,2014-06-30 00:00:00,2014-08-13 00:00:00,-83.57557505438912,3.1904166909571416,62.76949134556933,3.6579286785427048
sz000615,2014-10-20,10.39,10.68,10.15,10.6,0.020212,3462023.0,36541896.67,2243728210.0,2243779550.0,0.016355565543297243,49.40761598090101,2014-06-30 00:00:00,2014-08-13 00:00:00,-84.85639751853387,3.239310848910598,63.731453910900456,3.7139876074901608
sz000615,2014-10-17,10.3,10.47,9.96,10.39,0.009718000000000001,6007554.0,61093212.38,2199276990.0,2199327310.0,0.02838136639623552,48.428773608721535,2014-06-30 00:00:00,2014-08-13 00:00:00,-83.17525917998796,3.17513501988861,62.46883384130011,3.6404076873141675
sz000615,2014-10-16,10.55,10.87,10.24,10.29,-0.029245,8393101.0,87496506.5,2178109750.0,2178159580.0,0.03965135792170252,47.96267235873931,2014-06-30 00:00:00,2014-08-13 00:00:00,-82.3747414426483,3.1445760300287904,61.86760446114668,3.6053706949011186
sz000615,2014-10-15,10.89,10.9,10.53,10.6,-0.01487,5863416.0,62710701.42,2243728210.0,2243779550.0,0.027700418135759856,49.40759754906161,2014-06-30 00:00:00,2014-08-13 00:00:00,-84.85636586229101,3.239309640464165,63.73143013545816,3.7139862219624096
sz000615,2014-10-14,10.83,10.89,10.73,10.76,-0.014652000000000002,2854237.0,30833806.61,2277595810.0,2277647920.0,0.013484214356716786,50.153378284146875,2014-06-30 00:00:00,2014-08-13 00:00:00,-86.13722641914367,3.288205252569879,64.69342131034296,3.7700468181482742
sz000615,2014-10-13,10.68,10.99,10.45,10.92,0.01487,4517528.0,48465146.35,2311463410.0,2311516290.0,0.021342066479001717,50.899152669053855,2014-06-30 00:00:00,2014-08-13 00:00:00,-87.41807606971717,3.3371004483389415,65.65540429405952,3.8261069369890377
sz000615,2014-10-10,11.07,11.07,10.5,10.76,-0.027125,4947749.0,53599866.09,2277595810.0,2277647920.0,0.023374550921745854,50.15337202701218,2014-06-30 00:00:00,2014-08-13 00:00:00,-86.13721567266467,3.2882048423334433,64.69341323919274,3.7700463477972925
sz000615,2014-10-09,11.2,11.2,10.86,11.06,-0.0125,5001889.0,54951895.09,2341097550.0,2341151110.0,0.02363032345234824,51.551712221006994,2014-06-30 00:00:00,2014-08-13 00:00:00,-88.53883147646373,3.37988420129353,66.49714838925117,3.8751600645481608
sz000615,2014-10-08,11.24,11.28,10.98,11.2,-0.002671,3258971.0,36282267.62,2370731700.0,2370785940.0,0.015396291026943284,52.204265540260245,2014-06-30 00:00:00,2014-08-13 00:00:00,-89.65957617869745,3.422667545613701,67.33888444481131,3.924212723593074
sz000615,2014-09-30,10.79,11.23,10.68,11.23,0.044650999999999996,4300173.0,47360037.51,2377081870.0,2377136260.0,0.02031522069115777,52.34407656877545,2014-06-30 00:00:00,2014-08-13 00:00:00,-89.89969827278405,3.4318339741586787,67.51922830361025,3.934722367035426
sz000615,2014-09-29,10.51,10.8,10.51,10.75,0.023809999999999998,3413675.0,36581158.73,2275479080.0,2275531150.0,0.016127156066844613,50.106759643915,2014-06-30 00:00:00,2014-08-13 00:00:00,-86.05716002069978,3.28514879529975,64.63328738842948,3.766542478813906
sz000615,2014-09-26,10.41,10.5,10.35,10.5,0.009615,2183925.0,22790218.41,2222560970.0,2222611820.0,0.01031747286554753,48.941463400352596,2014-06-30 00:00:00,2014-08-13 00:00:00,-84.05579162217578,3.208748493665572,63.130158318857475,3.678946756540672
sz000615,2014-09-25,10.48,10.54,10.33,10.4,0.001927,3281296.0,34141611.13,2201393720.0,2201444090.0,0.015501760584653617,48.475372691919794,2014-06-30 00:00:00,2014-08-13 00:00:00,-83.25529198969487,3.178190194941213,62.52894253637029,3.643910556539545
sz000615,2014-09-24,10.31,10.59,10.28,10.38,0.00484,3531408.0,36917991.55,2197160270.0,2197210540.0,0.01668335967134523,48.382140307547154,2014-06-30 00:00:00,2014-08-13 00:00:00,-83.09516760172635,3.1720776014033087,62.408681008067745,3.6369022459116733
sz000615,2014-09-23,10.23,10.39,10.23,10.33,0.004864,2325929.0,23996497.44,2186576650.0,2186626670.0,0.01098833949864049,48.14909866998443,2014-06-30 00:00:00,2014-08-13 00:00:00,-82.6949241687496,3.156798695716043,62.10807791097861,3.619384425293254
sz000615,2014-09-22,10.7,10.7,10.16,10.28,-0.041937999999999996,4554761.0,47108094.05,2175993020.0,2176042810.0,0.021517965659650872,47.9160350753778,2014-06-30 00:00:00,2014-08-13 00:00:00,-82.29464302507564,3.141518350459409,61.8074464912452,3.6018649541562384
sz000615,2014-09-19,10.65,10.82,10.58,10.73,0.004682,3145369.0,33800536.78,2271245640.0,2271297600.0,0.014859603371654683,50.013501292586284,2014-06-30 00:00:00,2014-08-13 00:00:00,-85.89699103510591,3.279034499290661,64.5129923650507,3.759532216240952
sz000615,2014-09-18,10.1,10.75,10.03,10.68,0.049116,5329619.0,55770923.49,2260662010.0,2260713730.0,0.025178611693483538,49.78042932249834,2014-06-30 00:00:00,2014-08-13 00:00:00,-85.49669550674334,3.2637536049124605,64.21235014168731,3.742012115516105
sz000615,2014-09-17,10.3,10.48,10.0,10.18,-0.013566,4801268.0,49074838.92,2154825780.0,2154875080.0,0.022682533638519953,47.449880968833135,2014-06-30 00:00:00,2014-08-13 00:00:00,-81.49403450785552,3.1109558951655116,61.206148930802044,3.5668239884970827
sz000615,2014-09-16,11.05,11.06,10.2,10.32,-0.06352100000000001,8960152.0,94909091.64,2184459920.0,2184509900.0,0.04233026561549365,48.10243865158047,2014-06-30 00:00:00,2014-08-13 00:00:00,-82.61478670428586,3.153739525569386,62.047890614883556,3.615876975547358
sz000615,2014-09-15,11.06,11.14,10.92,11.02,-0.004517,3527296.0,38919670.96,2332630650.0,2332684020.0,0.016663933452130537,51.365208030912044,2014-06-30 00:00:00,2014-08-13 00:00:00,-88.21851499530247,3.3676564296363143,66.25657448259231,3.861140479975908
sz000615,2014-09-12,10.97,11.12,10.88,11.07,0.003626,2802000.0,30812936.86,2343214280.0,2343267890.0,0.013237432131046932,51.598277450154384,2014-06-30 00:00:00,2014-08-13 00:00:00,-88.61880614264881,3.38293715677346,66.55721341559052,3.8786603889528077
sz000615,2014-09-11,11.08,11.18,10.88,11.03,-0.010762,4649381.0,51281206.82,2334747380.0,2334800800.0,0.021964976968942992,51.41185805285474,2014-06-30 00:00:00,2014-08-13 00:00:00,-88.29863529108334,3.37071494438512,66.31674888413666,3.864647178284349
sz000615,2014-09-10,11.07,11.15,10.86,11.15,0.00541,4673259.0,51344791.22,2360148070.0,2360202070.0,0.022077783386700817,51.971171803807316,2014-06-30 00:00:00,2014-08-13 00:00:00,-89.25924326712415,3.4073852241676117,67.03821414476259,3.906690986683032
sz000615,2014-09-09,10.74,11.12,10.62,11.09,0.033551,5257975.0,57403145.34,2347447730.0,2347501430.0,0.024840145322426413,51.691520676945046,2014-06-30 00:00:00,2014-08-13 00:00:00,-88.77894915221067,3.3890504611726673,66.67748892965317,3.885669514608997
sz000615,2014-09-05,10.45,10.88,10.42,10.73,0.027777999999999997,5251019.0,55930820.07,2271245640.0,2271297600.0,0.024807283227189815,50.013517162621916,2014-06-30 00:00:00,2014-08-13 00:00:00,-85.89701829151215,3.2790355397775897,64.51301283599277,3.7595334091970276
sz000615,2014-09-04,10.29,10.55,10.27,10.44,0.014577000000000001,5369407.0,55801854.23,2209860620.0,2209911180.0,0.02536658130049849,48.661789961082945,2014-06-30 00:00:00,2014-08-13 00:00:00,-83.57545918623686,3.1904122678025697,62.769404322716355,3.657923607235247
sz000615,2014-09-03,10.5,10.53,10.23,10.29,-0.020932,8143497.0,84099613.43,2178109750.0,2178159580.0,0.03847215877436846,47.9626385785238,2014-06-30 00:00:00,2014-08-13 00:00:00,-82.37468342593696,3.144573815296985,61.867560887656964,3.6053681556306185
sz000615,2014-09-02,10.6,10.85,10.45,10.51,-0.008491,7436897.0,78713383.23,2224677690.0,2224728590.0,0.035133982698410574,48.98805657883191,2014-06-30 00:00:00,2014-08-13 00:00:00,-84.13581429066924,3.211803281587167,63.19025939736255,3.6824491819062803
sz000615,2014-09-01,10.48,10.88,10.41,10.6,0.008563,5413067.0,57855427.01,2243728210.0,2243779550.0,0.025572843423847667,49.407576309273956,2014-06-30 00:00:00,2014-08-13 00:00:00,-84.85632938346424,3.239308247920258,63.731402738011006,3.7139846253602142
sz000615,2014-08-29,10.5,10.54,10.27,10.51,0.0009519999999999999,3162445.0,32890008.42,2224677690.0,2224728590.0,0.01494027521352992,48.98809128361238,2014-06-30 00:00:00,2014-08-13 00:00:00,-84.13587389529879,3.2118055569362127,63.190304163459295,3.6824517906766494
sz000615,2014-08-28,10.64,10.64,10.22,10.5,-0.015009,5824194.0,60719583.47,2222560970.0,2222611820.0,0.027515122341053258,48.941498976586665,2014-06-30 00:00:00,2014-08-13 00:00:00,-84.05585272350599,3.208750826149718,63.13020420905227,3.67894943081851
sz000615,2014-08-27,9.92,10.68,9.88,10.66,0.083333,10422865.0,107655256.35,2256428560.0,2256480190.0,0.04924053119590013,49.68725498668177,2014-06-30 00:00:00,2014-08-13 00:00:00,-85.33667081578004,3.2576448172112413,64.09216349088699,3.7350081684183
sz000615,2014-08-26,9.86,10.1,9.72,9.84,-0.0020280000000000003,5687346.0,56302578.54,2082857130.0,2082904790.0,0.026868614190547,45.86517256160549,2014-06-30 00:00:00,2014-08-13 00:00:00,-78.77233575990026,3.0070576795973545,59.162015272208066,3.4477009086017865
sz000615,2014-08-25,9.75,10.16,9.69,9.86,0.019648,10069051.0,100430816.0,2087090580.0,2087138340.0,0.047569014881951116,45.95837614843452,2014-06-30 00:00:00,2014-08-13 00:00:00,-78.9324106887771,3.0131683850823014,59.282239654226835,3.4547070545083294
sz000615,2014-08-22,9.48,9.72,9.48,9.67,0.018966999999999998,5346494.0,51421382.94,2046872810.0,2046919650.0,0.025258333946015923,45.07278604816026,2014-06-30 00:00:00,2014-08-13 00:00:00,-77.41143089456077,2.9551064534842433,58.13990676608677,3.3881369399129206
sz000615,2014-08-21,9.26,9.49,9.26,9.49,0.021529,4422712.0,41569993.19,2008771770.0,2008817730.0,0.02089412919218792,44.23380349722833,2014-06-30 00:00:00,2014-08-13 00:00:00,-75.97049845045106,2.900100252004474,57.05769349359377,3.32507033094587
sz000615,2014-08-20,9.3,9.35,9.22,9.29,-0.004287,2549496.0,23676899.21,1966437270.0,1966482270.0,0.012044532618119061,43.30156412321954,2014-06-30 00:00:00,2014-08-13 00:00:00,-74.36939964548345,2.8389798547123717,55.855187169031694,3.254993574285087
sz000615,2014-08-19,9.35,9.38,9.18,9.33,-0.002139,3956756.0,36602108.99,1974904170.0,1974949360.0,0.01869282269022704,43.487997167074795,2014-06-30 00:00:00,2014-08-13 00:00:00,-74.68959393468143,2.85120296180965,56.09566930333509,3.2690078107698572
sz000615,2014-08-18,9.04,9.39,9.02,9.35,0.034292,5773327.0,53517595.62,1979137620.0,1979182900.0,0.02727481247615312,43.581217391074304,2014-06-30 00:00:00,2014-08-13 00:00:00,-74.84969743750024,2.8573147580771767,56.21591514583202,3.276015207298268
sz000615,2014-08-15,8.85,9.04,8.8,9.04,0.027273000000000002,2942893.0,26375336.08,1913519160.0,1913562940.0,0.013903050084954465,42.13628007475095,2014-06-30 00:00:00,2014-08-13 00:00:00,-72.36805219174107,2.762580352624962,54.35207383005189,3.1673987687212786
sz000615,2014-08-14,8.86,8.91,8.8,8.8,-0.010124,1980737.0,17566385.48,1862717760.0,1862760380.0,0.009357555918723833,41.0176068822513,2014-06-30 00:00:00,2014-08-13 00:00:00,-70.44675776715738,2.6892367974481584,52.90908437197501,3.083307717346098
sz000615,2014-08-13,8.84,8.93,8.72,8.89,0.0056560000000000004,2339327.0,20667969.65,1881768280.0,1881811340.0,0.011051635448972495,41.43711624713732,2014-06-30 00:00:00,2014-08-13 00:00:00,-71.16725505735808,2.7167410841844415,53.45021434197315,3.1148423816175947
sz000615,2014-08-12,8.73,8.86,8.7,8.84,0.009132,2113458.0,18602988.46,1871184660.0,1871227470.0,0.009984567060313544,41.204066049561,2014-03-31 00:00:00,2014-04-26 00:00:00,-63.84344545794776,2.717196216821012,217.01661973888696,3.158324689022701
sz000615,2014-08-11,8.57,8.76,8.57,8.76,0.024561000000000003,2261962.0,19701226.04,1854250860.0,1854293290.0,0.01068614152887598,40.83119557160114,2014-03-31 00:00:00,2014-04-26 00:00:00,-63.26570305762552,2.692607326713465,215.0527579532578,3.129743868019943
sz000615,2014-08-08,8.59,8.74,8.55,8.55,-0.012702,2654208.0,22905507.36,1809799640.0,1809841050.0,0.012539221413481993,39.852381236062214,2014-03-31 00:00:00,2014-04-26 00:00:00,-61.74908381016409,2.6280595559595428,209.89746628385993,3.054716964651146
sz000615,2014-08-07,8.95,8.95,8.58,8.66,-0.032402,4948434.0,43112225.03,1833083620.0,1833125560.0,0.023377787010065584,40.365098720003694,2014-03-31 00:00:00,2014-04-26 00:00:00,-62.54351149315008,2.6618706367880245,212.59788461422988,3.0940171707540647
sz000615,2014-08-06,8.91,9.01,8.84,8.95,-0.00223,2272015.0,20264516.16,1894468630.0,1894511980.0,0.010733634713180762,41.716806690385575,2014-03-31 00:00:00,2014-04-26 00:00:00,-64.63790902125685,2.751008824726823,219.7171600336399,3.1976266701192695
sz000615,2014-08-05,8.87,9.02,8.81,8.97,0.011274,1875186.0,16771266.77,1898702080.0,1898745520.0,0.008858903456828783,41.81004308646839,2014-03-31 00:00:00,2014-04-26 00:00:00,-64.7823737146405,2.7571572854734288,220.20822437399391,3.2047733146108515
sz000615,2014-08-04,8.77,8.93,8.77,8.87,0.007955,1472470.0,13021990.52,1877534840.0,1877577790.0,0.006956360341094921,41.34393160159205,2014-03-31 00:00:00,2014-04-26 00:00:00,-64.06015947670018,2.7264196305585124,217.75327396333134,3.1690454956924157
sz000615,2014-08-01,9.03,9.03,8.75,8.8,-0.020045,2558495.0,22566111.7,1862717760.0,1862760380.0,0.012087046402563962,41.01763630478746,2014-03-31 00:00:00,2014-04-26 00:00:00,-63.5545827707588,2.704902134081891,216.03471778336467,3.1440346996566473
sz000615,2014-07-31,8.82,9.05,8.82,8.98,0.018141,2311787.0,20712038.03,1900818810.0,1900862300.0,0.010921528738449301,41.856652912416855,2014-03-31 00:00:00,2014-04-26 00:00:00,-64.85459308923247,2.760230963750265,220.45371244941316,3.208345995129008
sz000615,2014-07-30,8.7,8.9,8.65,8.82,0.006848999999999999,2384166.0,21002700.3,1866951210.0,1866993930.0,0.011263467415412533,41.11086078688203,2014-03-31 00:00:00,2014-04-26 00:00:00,-63.69902900406964,2.7110498091622524,216.52571937424497,3.15118043093148
sz000615,2014-07-29,8.71,8.8,8.6,8.76,0.003436,2867098.0,24954696.28,1854250860.0,1854293290.0,0.013544973348428163,40.83120784435603,2014-03-31 00:00:00,2014-04-26 00:00:00,-63.265722073587625,2.6926081360385243,215.0528225923102,3.1297448087364432
sz000615,2014-07-28,8.8,8.96,8.6,8.73,-0.007955,3261173.0,28386439.39,1847900690.0,1847942970.0,0.015406693900850267,40.691392220685756,2014-03-31 00:00:00,2014-04-26 00:00:00,-63.04908541609791,2.683388014819604,214.31643133424572,3.119027829115602
sz000615,2014-07-25,8.55,8.83,8.5,8.8,0.02924,1473515.0,12899864.88,1862717760.0,1862760380.0,0.006961297239148029,41.01768792815422,2014-03-31 00:00:00,2014-04-26 00:00:00,-63.55466275834051,2.704905538377396,216.0349896771273,3.1440386566290868
sz000615,2014-07-24,8.72,8.73,8.47,8.55,-0.018369999999999997,2100663.0,18051975.58,1809799640.0,1809841050.0,0.009924119915285209,39.8524036455581,2014-03-31 00:00:00,2014-04-26 00:00:00,-61.749118532451625,2.628061033750531,209.89758431184885,3.054718682356969
sz000615,2014-07-23,8.9,8.99,8.63,8.71,-0.026816000000000003,2398641.0,21102842.96,1843667240.0,1843709420.0,0.011331851354043694,40.598192440693644,2014-03-31 00:00:00,2014-04-26 00:00:00,-62.90467745734302,2.677241968715841,213.82555984622397,3.111883991276722
sz000615,2014-07-22,8.9,8.97,8.8,8.95,0.005618,1663605.0,14804811.73,1894468630.0,1894511980.0,0.007859335601666838,41.7168720824568,2014-03-31 00:00:00,2014-04-26 00:00:00,-64.63801034269267,2.751013136997568,219.7175044454327,3.197631682473944
sz000615,2014-07-21,9.15,9.15,8.83,8.9,-0.021978,2809916.0,25096767.26,1883885010.0,1883928110.0,0.013274829550238844,41.48381600414552,2014-03-31 00:00:00,2014-04-26 00:00:00,-64.2769027033055,2.735644287391005,218.49002747110006,3.179767747269782
sz000615,2014-07-18,9.12,9.24,8.94,9.1,-0.015152,4322700.0,39249519.41,1926219500.0,1926263580.0,0.020421644573736276,42.416035635339,2014-03-31 00:00:00,2014-04-26 00:00:00,-65.72132600627134,2.797119377060031,223.39991070865491,3.2512231292034155
sz000615,2014-07-17,8.9,9.35,8.9,9.24,0.038202,6624870.0,60803247.66,1955853650.0,1955898400.0,0.0312977398896896,43.06861123273744,2014-03-31 00:00:00,2014-04-26 00:00:00,-66.73245618234625,2.8401533810903117,226.8369440854375,3.3012435718033806
sz000615,2014-07-16,8.91,9.07,8.78,8.9,0.0,3151384.0,28059184.93,1883885010.0,1883928110.0,0.014888019943425316,41.483845371842314,2014-03-31 00:00:00,2014-04-26 00:00:00,-64.27694820694455,2.7356462240395523,218.49018214705566,3.1797699983272816
sz000615,2014-07-15,8.76,9.12,8.66,8.9,0.017143000000000002,5334996.0,47583269.21,1883885010.0,1883928110.0,0.025204014123983078,41.483845371842314,2014-03-31 00:00:00,2014-04-26 00:00:00,-64.27694820694455,2.7356462240395523,218.49018214705566,3.1797699983272816
sz000615,2014-07-14,8.51,8.85,8.51,8.75,0.030624000000000002,3008970.0,26197376.67,1852134140.0,1852176520.0,0.014215216344967325,40.784673710424514,2014-03-31 00:00:00,2014-04-26 00:00:00,-63.1936199796337,2.6895394492608737,214.80773317719897,3.1261779300720565
sz000615,2014-07-11,8.44,8.65,8.43,8.49,0.009512,1480520.0,12627004.2,1797099300.0,1797140410.0,0.006994390794098023,39.572796393664916,2014-03-31 00:00:00,2014-04-26 00:00:00,-61.315882397104765,2.609622373689021,208.42492817671524,3.033286562385561
sz000615,2014-07-10,8.41,8.48,8.32,8.41,0.0,2050124.0,17261460.34,1780165500.0,1780206230.0,0.009685359501686782,39.19992669098031,2014-03-31 00:00:00,2014-04-26 00:00:00,-60.73814119802912,2.585033534706889,206.46107047436308,3.004705800808273
sz000615,2014-07-09,8.35,8.69,8.35,8.41,0.008393000000000001,4765461.0,40763056.53,1780165500.0,1780206230.0,0.022513371374740156,39.19992669098031,2014-03-31 00:00:00,2014-04-26 00:00:00,-60.73814119802912,2.585033534706889,206.46107047436308,3.004705800808273
sz000615,2014-07-08,8.33,8.5,8.3,8.34,0.0048189999999999995,1991903.0,16699591.12,1765348420.0,1765388820.0,0.009410307241218704,38.87366006207928,2014-03-31 00:00:00,2014-04-26 00:00:00,-60.232608911435435,2.5635179287310494,204.7426652846292,2.9796972021902897
sz000615,2014-07-07,8.32,8.44,8.23,8.3,-0.008362999999999999,2329006.0,19319285.76,1756881530.0,1756921720.0,0.01100287610172554,38.68722631845067,2014-03-31 00:00:00,2014-04-26 00:00:00,-59.943740028239354,2.551223582288004,203.76074226764143,2.965406906308788
sz000615,2014-07-04,8.42,8.48,8.3,8.37,-0.008294,2414077.0,20234358.0,1771698600.0,1771739130.0,0.011404775332553742,39.013496187063076,2014-03-31 00:00:00,2014-04-26 00:00:00,-60.44927733458852,2.5727394019061447,205.4791645205266,2.9904157532532447
sz000615,2014-07-03,8.09,8.49,8.09,8.44,0.043263,4044681.0,33469603.05,1786515670.0,1786556550.0,0.019108204989884022,39.33978032507928,2014-03-31 00:00:00,2014-04-26 00:00:00,-60.95483675059798,2.59425616251807,207.1976619285621,3.01542569395894
sz000615,2014-07-02,8.18,8.25,8.06,8.09,-0.013415,2420393.0,19646296.69,1712430310.0,1712469490.0,0.011434613867585652,37.70840174057671,2014-03-31 00:00:00,2014-04-26 00:00:00,-58.42710491084029,2.4866751361047688,198.6053966531566,2.8903792178568013
sz000615,2014-07-01,8.21,8.29,8.15,8.2,-0.001218,1685688.0,13815496.84,1735714280.0,1735753990.0,0.00796366185337831,38.221138311019025,2014-03-31 00:00:00,2014-04-26 00:00:00,-59.221562167314815,2.520487475589806,201.30591550971945,2.9296808869553064
sz000615,2014-06-30,8.2,8.25,8.12,8.21,0.00122,2207294.0,18065967.81,1737831000.0,1737870760.0,0.010427874597702539,38.267748428605074,2014-03-31 00:00:00,2014-04-26 00:00:00,-59.29378199378325,2.5235611730986403,201.55140512115702,2.933253589827717
sz000615,2014-06-27,7.87,8.26,7.84,8.2,0.041931,3479167.0,28246229.57,1735714280.0,1735753990.0,0.01643655855616974,38.2211186638352,2014-03-31 00:00:00,2014-04-26 00:00:00,-59.22153172507865,2.52048617995909,201.30581203047984,2.929679380982918
sz000615,2014-06-26,7.84,7.95,7.84,7.87,0.0012720000000000001,1792055.0,14159938.6,1665862360.0,1665900480.0,0.008466169347868572,36.68296524802045,2014-03-31 00:00:00,2014-04-26 00:00:00,-56.83824718247048,2.419052873903445,193.20455196215474,2.8117786887835354
sz000615,2014-06-25,8.03,8.08,7.85,7.86,-0.026022000000000003,2135457.0,16886160.12,1663745640.0,1663783700.0,0.010088496472333355,36.63636379327541,2014-03-31 00:00:00,2014-04-26 00:00:00,-56.76604077860011,2.415979747664416,192.95910797680824,2.808206649924831
sz000615,2014-06-24,8.03,8.12,7.96,8.07,-0.0012380000000000002,1826673.0,14674022.98,1708196860.0,1708235940.0,0.008629714440524145,37.61518616773213,2014-03-31 00:00:00,2014-04-26 00:00:00,-58.282672481924756,2.480528048543618,198.11444198617244,2.883234169483121
sz000615,2014-06-23,8.16,8.28,8.0,8.08,-0.008589,3513992.0,28436483.43,1710313580.0,1710352710.0,0.016601081633228917,37.661811490357195,2014-03-31 00:00:00,2014-04-26 00:00:00,-58.35491586776905,2.483602748746566,198.36001168063305,2.8868080378339593
sz000615,2014-06-20,7.84,8.17,7.78,8.15,0.039541,5003848.0,40379475.77,1725130650.0,1725170130.0,0.02363957837048458,37.98809120572315,2014-03-31 00:00:00,2014-04-26 00:00:00,-58.86046843112397,2.5051192177074553,200.07848579512736,2.9118176395399678
sz000615,2014-06-19,7.55,7.98,7.55,7.84,0.028870999999999997,4925554.0,38468149.5,1659512190.0,1659550160.0,0.023269695512149264,36.54313894855821,2014-03-31 00:00:00,2014-04-26 00:00:00,-56.62159398342534,2.409832048670957,192.46810447604025,2.8010608908546826
sz000615,2014-06-18,7.6,7.77,7.52,7.62,-0.002618,2753282.0,21021904.98,1612944240.0,1612981150.0,0.013007274721412564,35.51770722331391,2014-03-31 00:00:00,2014-04-26 00:00:00,-55.03274364174453,2.3422101008493352,187.06728489386933,2.7224607271997
sz000615,2014-06-17,7.4,7.72,7.39,7.64,0.026882,3526202.0,26870538.39,1617177690.0,1617214690.0,0.016658765110715817,35.61093665547796,2014-03-31 00:00:00,2014-04-26 00:00:00,-55.17719754491712,2.348358102361317,187.55831255614132,2.729606837901325
sz000615,2014-06-16,7.55,7.55,7.37,7.44,-0.011951999999999999,2807066.0,20817987.24,1574843200.0,1574879230.0,0.013261365347356488,34.67870374149898,2014-03-31 00:00:00,2014-04-26 00:00:00,-53.73275366100206,2.28688213676091,182.64835935983032,2.6581504378315377
sz000615,2014-06-13,7.5,7.62,7.43,7.53,0.010738,1894097.0,14297781.47,1593893720.0,1593930190.0,0.008948244309539033,35.09819739678536,2014-03-31 00:00:00,2014-04-26 00:00:00,-54.38273612314589,2.3145455856000012,184.85777954090318,2.6903049627462807
sz000615,2014-06-12,7.56,7.6,7.44,7.45,-0.01455,2243811.0,16822606.31,1576959920.0,1576996000.0,0.010600391131056774,34.72531694344663,2014-03-31 00:00:00,2014-04-26 00:00:00,-53.80497826652001,2.2899560376675274,182.89386521621154,2.6617233771227373
sz000615,2014-06-11,7.48,7.68,7.43,7.56,0.008,1731987.0,13083511.18,1600243900.0,1600280510.0,0.008182391271730515,35.23803028407999,2014-03-31 00:00:00,2014-04-26 00:00:00,-54.5993995296768,2.32376684526615,185.59426172430008,2.7010232656377666
sz000615,2014-06-10,7.43,7.52,7.36,7.5,0.009420999999999999,2177892.0,16234225.98,1587543550.0,1587579870.0,0.010288971285228678,34.958363377063485,2014-03-31 00:00:00,2014-04-26 00:00:00,-54.16607096198096,2.305324251256101,184.12129139315485,2.67958657305334
sz000615,2014-06-09,7.66,7.75,7.38,7.43,-0.035065,2646165.0,20021183.06,1572726470.0,1572762460.0,0.012501224036751921,34.632094415574365,2014-03-31 00:00:00,2014-04-26 00:00:00,-53.66053506116968,2.2838084914580747,182.40287391797364,2.65457779564061
sz000615,2014-06-06,7.75,7.79,7.62,7.7,-0.001297,2383447.0,18329421.38,1629878040.0,1629915330.0,0.011260070661483358,35.89059824296389,2014-03-31 00:00:00,2014-04-26 00:00:00,-55.61051787029145,2.3668003455756863,189.03125486998985,2.75104312273947
sz000615,2014-06-05,7.67,7.78,7.61,7.71,-0.008997,3208296.0,24664700.52,1631994770.0,1632032110.0,0.015156888131449097,35.9372088027811,2014-03-31 00:00:00,2014-04-26 00:00:00,-55.682738381972875,2.3698740722473914,189.2767468106032,2.7546158595092534
sz000615,2014-06-04,7.75,7.97,7.65,7.78,0.026385000000000002,6099124.0,47712066.44,1646811840.0,1646849520.0,0.028813968643800862,36.26347125365019,2014-03-31 00:00:00,2014-04-26 00:00:00,-56.1882641949347,2.3913894027035147,190.99512999516975,2.7796241378777395
sz000615,2014-06-03,7.58,7.79,7.53,7.58,-0.00915,3370459.0,25680503.53,1604477350.0,1604514060.0,0.015922991508730243,35.331256062442634,2014-03-31 00:00:00,2014-04-26 00:00:00,-54.74384777148409,2.3299146058287237,186.0852701424609,2.708169096272587
sz000615,2014-05-30,7.98,7.99,7.55,7.65,-0.044944,8257220.0,63765868.97,1619294420.0,1619331470.0,0.0390094180649372,35.657522392332474,2014-03-31 00:00:00,2014-04-26 00:00:00,-55.24937959477629,2.3514301920863137,187.80367375734056,2.7331776719711227
sz000615,2014-05-29,8.07,8.46,7.97,8.01,-0.019584,12332399.0,100726631.71,1695496510.0,1695535300.0,0.058261704112856,37.33553047395386,2014-03-31 00:00:00,2014-04-26 00:00:00,-57.84936128852789,2.462086193988953,196.64153071373886,2.861798336402392
sz000615,2014-05-28,8.2,8.68,7.98,8.17,-0.07891799999999999,16538524.0,135319929.84,1729364100.0,1729403670.0,0.07813261595982014,38.08131494585345,2014-03-31 00:00:00,2014-04-26 00:00:00,-59.00491351480177,2.5112668438590897,200.56948347817544,2.918963313942645
sz000615,2014-04-11,8.3,9.36,8.28,8.87,0.037426999999999995,13578803.0,121022050.98,1877534840.0,1877577790.0,0.06415006531117153,41.3441093690393,2013-09-30 00:00:00,2013-10-26 00:00:00,-88.91092208564037,3.1148600204053833,16.727822831773743,3.0220299713140295
sz000615,2014-04-10,7.99,8.59,7.78,8.55,0.05686,6615694.0,53360373.33,1809799640.0,1809841050.0,0.03125438996108984,39.85254805305751,2013-09-30 00:00:00,2013-10-26 00:00:00,-85.70330450782595,3.002485977717355,16.124337261102458,2.913004935589713
sz000615,2014-04-09,8.11,8.14,7.98,8.09,-0.001235,3044299.0,24545893.76,1712430310.0,1712469490.0,0.014382120408742356,37.70844582353151,2013-09-30 00:00:00,2013-10-26 00:00:00,-81.09239114719637,2.840949584351149,15.256833697086142,2.7562827011995092
sz000615,2014-04-08,8.03,8.12,7.92,8.1,0.0125,4375389.0,35127081.01,1714547030.0,1714586260.0,0.02067056212508793,37.7550733391053,2013-09-30 00:00:00,2013-10-26 00:00:00,-81.19266408734423,2.8444624955331324,15.275699185580333,2.759690919485073
sz000615,2014-04-04,7.68,8.15,7.53,8.0,0.038961,7134598.0,55923817.6,1693379780.0,1693418530.0,0.033705837682790805,37.28896132257314,2013-09-30 00:00:00,2013-10-26 00:00:00,-80.19028551836467,2.8093456746006242,15.087110306746007,2.7256206612198253
sz000615,2014-04-03,7.71,7.8,7.58,7.7,-0.011553,1488067.0,11446942.46,1629878040.0,1629915330.0,0.007030044959682996,35.890626618875146,2013-09-30 00:00:00,2013-10-26 00:00:00,-77.18315270579421,2.703995313202925,14.521344214793439,2.6234099848019556
sz000615,2014-04-02,7.47,7.89,7.47,7.79,0.037284,3911775.0,30178712.28,1648928560.0,1648966290.0,0.018480319881171808,36.31011740525809,2013-09-30 00:00:00,2013-10-26 00:00:00,-78.08527185149454,2.73559969649655,14.691070148215777,2.6540724842120578
sz000615,2014-04-01,7.36,7.52,7.35,7.51,0.020380000000000002,1147261.0,8537297.25,1589660270.0,1589696640.0,0.005419982038048922,35.00499130928279,2013-09-30 00:00:00,2013-10-26 00:00:00,-75.27858508517873,2.6372716599278014,14.163016250338167,2.558674851064952
sz000615,2014-03-31,7.31,7.54,7.28,7.36,0.008219,1404746.0,10363079.91,1557909400.0,1557945050.0,0.006636413234299762,34.30583832423488,2013-09-30 00:00:00,2013-10-26 00:00:00,-73.77504957484341,2.584597561621946,13.880139017168275,2.5075705629911913
sz000615,2014-03-28,7.63,7.65,7.23,7.3,-0.04824,2336063.0,17327744.68,1545209050.0,1545244410.0,0.011036215391050163,34.026177174041436,2013-09-30 00:00:00,2013-10-26 00:00:00,-73.17363546495693,2.5635279256014276,13.7669881416322,2.487128850965109
sz000615,2014-03-27,7.63,7.7,7.5,7.67,0.003927,1330370.0,10174318.52,1623527870.0,1623565010.0,0.0062850401822791,35.75079555144304,2013-09-30 00:00:00,2013-10-26 00:00:00,-76.88244459207881,2.693460458100181,14.464768577826556,2.6131890928018713
sz000615,2014-03-26,7.56,7.69,7.45,7.64,0.009247,1457905.0,11087275.46,1617177690.0,1617214690.0,0.006887551237489555,35.61095134550923,2013-09-30 00:00:00,2013-10-26 00:00:00,-76.58170822388361,2.6829246131443623,14.408187625023087,2.6029672404486295
sz000615,2014-03-25,7.82,7.92,7.55,7.57,-0.03073,2067923.0,15964328.68,1602360620.0,1602397280.0,0.009769446973802939,35.28467396535162,2013-09-30 00:00:00,2013-10-26 00:00:00,-75.88004544366603,2.658342916198277,14.276175827149435,2.579118135053787
sz000615,2014-03-24,7.95,7.99,7.7,7.81,-0.01761,2968086.0,23112145.3,1653162010.0,1653199840.0,0.014022068932009876,36.40334887632097,2013-09-30 00:00:00,2013-10-26 00:00:00,-78.28576706559167,2.7426237438466856,14.72879159279606,2.6608871986688816
sz000615,2014-03-21,7.74,8.1,7.72,7.95,0.023166,3673740.0,29153729.09,1682796160.0,1682834660.0,0.017355775877216168,37.055903334033296,2013-09-30 00:00:00,2013-10-26 00:00:00,-79.68909197527628,2.791787114940793,14.992815066110262,2.708585387339938
sz000615,2014-03-20,7.77,7.88,7.72,7.77,-0.0025670000000000003,2810540.0,21907395.52,1644695120.0,1644732750.0,0.013277777464312048,36.216902569117124,2013-09-30 00:00:00,2013-10-26 00:00:00,-77.8848124109639,2.7285769024193467,14.65335543412336,2.647258985677728
sz000615,2014-03-19,7.64,7.86,7.53,7.79,0.018300999999999998,2588321.0,19912956.11,1648928560.0,1648966290.0,0.012227952792569741,36.31011062308659,2013-09-30 00:00:00,2013-10-26 00:00:00,-78.08525726636667,2.7355991855285984,14.691067404149814,2.654071988472136
sz000615,2014-03-18,7.71,7.79,7.63,7.65,-0.007781999999999999,1750002.0,13486460.24,1619294420.0,1619331470.0,0.00826749918646666,35.65754194789811,2013-09-30 00:00:00,2013-10-26 00:00:00,-76.68190178185692,2.686434743291619,14.427038178446075,2.606372760580748
sz000615,2014-03-17,7.6,7.78,7.59,7.71,0.0,1796348.0,13798345.58,1631994770.0,1632032110.0,0.008486450652044675,35.937205279382255,2013-09-30 00:00:00,2013-10-26 00:00:00,-77.28332058263095,2.707504543650306,14.540189936532169,2.6268146320473407
sz000615,2014-03-14,7.87,7.91,7.66,7.71,-0.024051,2072701.0,16083714.15,1631994770.0,1632032110.0,0.009792019560209742,35.937205279382255,2013-09-30 00:00:00,2013-10-26 00:00:00,-77.28332058263095,2.707504543650306,14.540189936532169,2.6268146320473407
sz000615,2014-03-13,7.81,8.0,7.64,7.9,-0.003783,3730650.0,29213934.88,1672212540.0,1672250800.0,0.017624634605359436,36.82283119239044,2013-09-30 00:00:00,2013-10-26 00:00:00,-79.18786799579789,2.7742274889879552,14.898514099130352,2.691549078945048
sz000615,2014-03-12,7.27,8.07,7.27,7.93,0.080381,5893773.0,45997500.75,1678562710.0,1678601120.0,0.02784383306716018,36.96266093872162,2013-09-30 00:00:00,2013-10-26 00:00:00,-79.48857326847252,2.7847622445591225,14.95508920157993,2.7017698743798273
sz000615,2014-03-11,7.29,7.44,7.28,7.34,0.002732,1888667.0,13874970.44,1553675950.0,1553711500.0,0.008922591470891984,34.21261660351452,2013-09-30 00:00:00,2013-10-26 00:00:00,-73.57457532895573,2.577574248861395,13.84242151757568,2.5007565612314795
sz000615,2014-03-10,7.46,7.52,7.31,7.32,-0.031745999999999996,2254400.0,16747879.41,1549442500.0,1549477950.0,0.010650416520780862,34.11940239616819,2013-09-30 00:00:00,2013-10-26 00:00:00,-73.37411724065427,2.5705515021575005,13.804707057893514,2.493943108658624
sz000615,2014-03-07,7.4,7.76,7.37,7.56,0.013405000000000002,3511104.0,26560241.04,1600243900.0,1600280510.0,0.016587437852442367,35.23807017184353,2013-09-30 00:00:00,2013-10-26 00:00:00,-75.77982351805856,2.6548317922337534,14.257319936600847,2.5757116507224596
sz000615,2014-03-06,7.19,7.52,7.15,7.46,0.041899,4359783.0,32325113.9,1579076650.0,1579112780.0,0.020596834979479936,34.77195215322949,2013-09-30 00:00:00,2013-10-26 00:00:00,-74.77743204154169,2.6197145191051487,14.068728629324747,2.541640953737607
sz000615,2014-03-05,7.21,7.28,7.12,7.16,-0.00831,1750245.0,12587615.94,1515574910.0,1515609580.0,0.008268647176271874,33.37363041257309,2013-09-30 00:00:00,2013-10-26 00:00:00,-71.77032710612227,2.5143651343413795,13.502967782217612,2.439431224847713
sz000615,2014-03-04,7.07,7.26,7.05,7.22,0.019774,2794130.0,20110979.12,1528275260.0,1528310220.0,0.01320025202789712,33.65328924620909,2013-09-30 00:00:00,2013-10-26 00:00:00,-72.37173623422872,2.5354345958327498,13.616117720474758,2.4598727675460204
sz000615,2014-03-03,6.88,7.15,6.75,7.08,0.039648,1625861.0,11383696.22,1498641110.0,1498675400.0,0.007681022362985891,33.00073275667853,2013-09-30 00:00:00,2013-10-26 00:00:00,-70.9684069550986,2.486271071661711,13.352093425087087,2.4121744303600803
sz000615,2014-02-28,6.9,6.9,6.7,6.81,0.004425,1345723.0,9087867.19,1441489540.0,1441522520.0,0.00635757206396378,31.742217324208323,2013-09-30 00:00:00,2013-10-26 00:00:00,-68.26195688838781,2.3914546766422013,12.84289819735823,2.3201837837037926
sz000615,2014-02-27,6.84,6.95,6.78,6.78,-0.0014730000000000001,1149775.0,7872440.48,1435139370.0,1435172200.0,0.005431858858418748,31.602376806838063,2013-09-30 00:00:00,2013-10-26 00:00:00,-67.96122845248557,2.3809191095822997,12.786318736947239,2.3099622009645246
sz000615,2014-02-26,6.75,6.85,6.68,6.79,0.011923,1093058.0,7394302.88,1437256090.0,1437288980.0,0.005163911895478557,31.64899577761849,2013-09-30 00:00:00,2013-10-26 00:00:00,-68.06148301696956,2.3844313770006216,12.805180768218824,2.3133697946720764
sz000615,2014-02-25,6.96,7.05,6.68,6.71,-0.03592,1510834.0,10405330.05,1420322290.0,1420354790.0,0.007137602649325457,31.27609094527795,2013-09-30 00:00:00,2013-10-26 00:00:00,-67.25954743292678,2.3563367736484118,12.654303507498915,2.286112475625197
sz000615,2014-02-24,7.08,7.11,6.86,6.96,-0.016949000000000002,1945366.0,13485523.22,1473240410.0,1473274120.0,0.009190453416900233,32.44138551290136,2013-09-30 00:00:00,2013-10-26 00:00:00,-69.76552509431455,2.4441299203887765,13.125781581921537,2.371289183081484
sz000615,2014-02-21,7.04,7.17,7.0,7.08,-0.007012999999999999,1726403.0,12233096.86,1498641110.0,1498675400.0,0.008156010907774977,33.000714625081876,2013-09-30 00:00:00,2013-10-26 00:00:00,-70.96836796291805,2.486269705629491,13.352086089044755,2.4121731050387867
sz000615,2014-02-20,7.09,7.29,7.02,7.13,0.007062000000000001,2839743.0,20240763.26,1509224730.0,1509259260.0,0.013415740669714576,33.23378314628678,2013-09-30 00:00:00,2013-10-26 00:00:00,-71.46958415660835,2.5038290588189884,13.446385591195813,2.429209148799316
sz000615,2014-02-19,7.08,7.09,6.99,7.08,0.007112,2014652.0,14186314.08,1498641110.0,1498675400.0,0.009517779850574098,33.00073197706475,2013-09-30 00:00:00,2013-10-26 00:00:00,-70.96840527853138,2.4862710129257075,13.352093109655428,2.4121743733745458
sz000615,2014-02-18,7.01,7.07,6.96,7.03,-0.01264,1876160.0,13154143.08,1488057490.0,1488091530.0,0.008863504863646095,32.76768817873757,2013-09-30 00:00:00,2013-10-26 00:00:00,-70.46724225163773,2.468713522354721,13.257803610378417,2.3951401367221776
sz000615,2014-02-17,7.14,7.14,6.9,7.12,-0.004196,4127692.0,28872829.14,1507108010.0,1507142490.0,0.019500372133248765,33.18717405884133,2013-09-30 00:00:00,2013-10-26 00:00:00,-71.36935084633541,2.5003175360098857,13.427527558720646,2.4258022775099026
sz000615,2014-02-14,7.14,7.2,7.02,7.15,0.015625,6051674.0,43090199.87,1513458180.0,1513492810.0,0.028589801602578804,33.32701421046845,2013-09-30 00:00:00,2013-10-26 00:00:00,-71.67007849570338,2.510853075514746,13.484106871152001,2.4360238335153332
sz000615,2014-02-13,7.29,7.29,7.03,7.04,-0.036936000000000004,1899197.0,13595584.83,1490174210.0,1490208300.0,0.00897233812682881,32.814290914922786,2013-09-30 00:00:00,2013-10-26 00:00:00,-70.56746190346179,2.472224566660673,13.276659073134278,2.3985465437689433
sz000615,2014-02-12,7.2,7.78,7.2,7.31,0.011065,1991339.0,14664614.71,1547325780.0,1547361180.0,0.009407642707277843,34.07280400359974,2013-09-30 00:00:00,2013-10-26 00:00:00,-73.27390692982169,2.567040785099093,13.785853352564605,2.490537019106667
sz000615,2014-02-11,7.39,7.39,7.19,7.23,-0.021651,1311335.0,9524360.05,1530391980.0,1530426990.0,0.006195113522484612,33.69991445020818,2013-09-30 00:00:00,2013-10-26 00:00:00,-72.47200420331203,2.5389473328609857,13.634982273706045,2.4632808168680222
sz000615,2014-02-10,7.05,7.6,6.96,7.39,0.060258000000000006,2142398.0,15434900.44,1564259580.0,1564295370.0,0.010121287682956047,34.44569826330704,2013-09-30 00:00:00,2013-10-26 00:00:00,-74.07581977731058,2.5951345919104387,13.93672633559808,2.5177935653514467
sz000615,2014-02-07,6.7,7.19,6.69,6.97,0.029542000000000002,848267.0,5850739.44,1475357140.0,1475390890.0,0.004007450690888309,32.488034292886304,2013-09-30 00:00:00,2013-10-26 00:00:00,-69.86584376379201,2.4476444336288328,13.144655673994519,2.374698955680077
sz000615,2014-01-30,6.91,6.91,6.76,6.77,-0.02026,388918.0,2650807.73,1433022640.0,1433055430.0,0.0018373574753850362,31.555812480584862,2013-09-30 00:00:00,2013-10-26 00:00:00,-67.86109140160578,2.3774109590758155,12.76747881484633,2.306558601475294
sz000615,2014-01-29,6.59,7.1,6.59,6.91,0.043807,2619097.0,17879582.93,1462656790.0,1462690250.0,0.012373347181466952,32.208353727095826,2013-09-30 00:00:00,2013-10-26 00:00:00,-69.26438790046929,2.426573334839667,13.03149694290968,2.3542558244792433
sz000615,2014-01-28,6.74,6.79,6.57,6.62,-0.001508,616320.0,4081694.4,1401271770.0,1401303830.0,0.002911668162700516,30.856617868145957,2013-09-30 00:00:00,2013-10-26 00:00:00,-66.35746637114839,2.3247337245675372,12.484584739237887,2.2554512706652123
sz000615,2014-01-27,6.79,6.8,6.63,6.63,-0.023563999999999998,601560.0,4024935.8,1403388500.0,1403420610.0,0.0028419377813057468,30.903219923791035,2013-09-30 00:00:00,2013-10-26 00:00:00,-66.45768455946406,2.32824471760168,12.503439926647271,2.2588576279681885
sz000615,2014-01-24,6.77,6.84,6.66,6.79,0.002954,811248.0,5479203.58,1437256090.0,1437288980.0,0.003832562588063203,31.648996886422697,2013-09-30 00:00:00,2013-10-26 00:00:00,-68.06148540146417,2.384431460537793,12.80518121684091,2.3133698757196464
sz000615,2014-01-23,6.8,6.88,6.69,6.77,0.014993000000000001,877235.0,5929957.59,1433022640.0,1433055430.0,0.004144303644777028,31.55578110902664,2013-09-30 00:00:00,2013-10-26 00:00:00,-67.861023936755,2.3774085955465485,12.767466121916769,2.3065563083846783
sz000615,2014-01-22,6.6,6.99,6.53,6.67,0.02144,1953618.0,13258448.94,1411855390.0,1411887700.0,0.009229438193383248,31.089653927688804,2013-09-30 00:00:00,2013-10-26 00:00:00,-66.85861275570865,2.342290632099481,12.578871107403469,2.2724849416544526
sz000615,2014-01-21,6.51,6.58,6.48,6.53,0.003072,603134.0,3941124.35,1382221250.0,1382252870.0,0.0028493738032171045,30.437082870935942,2013-09-30 00:00:00,2013-10-26 00:00:00,-65.45525214962079,2.293126010435739,12.314840918118998,2.224785539683636
sz000615,2014-01-20,6.5,6.66,6.5,6.51,-0.010638,750391.0,4924735.14,1377987800.0,1378019330.0,0.0035450570825082774,30.343866513007985,2013-09-30 00:00:00,2013-10-26 00:00:00,-65.25478943647195,2.2861031017072944,12.277125588311705,2.2179719299149374
sz000615,2014-01-17,6.53,6.87,6.53,6.58,-0.007541,1202105.0,8016951.82,1392804870.0,1392836740.0,0.005679080444341065,30.670135413537196,2013-09-30 00:00:00,2013-10-26 00:00:00,-65.95643398116357,2.3106841597992385,12.40913395532849,2.241820415494973
sz000615,2014-01-16,6.48,6.67,6.46,6.63,0.012214000000000001,663039.0,4354284.84,1403388500.0,1403420610.0,0.003132381781666303,30.90317626575727,2013-09-30 00:00:00,2013-10-26 00:00:00,-66.45759067242433,2.328241428410885,12.503422262610838,2.2588544368029035
sz000615,2014-01-15,6.73,6.73,6.48,6.55,-0.020927,1496882.0,9879300.8,1386454700.0,1386486420.0,0.007071689468108839,30.530279432765475,2013-09-30 00:00:00,2013-10-26 00:00:00,-65.65567229106131,2.300147427728608,12.352548238426696,2.2315977024649962
sz000615,2014-01-14,6.03,6.77,6.03,6.69,0.082524,5475233.0,35626741.21,1416088840.0,1416121240.0,0.025866533041811135,31.18284278369996,2013-09-30 00:00:00,2013-10-26 00:00:00,-67.05901632570944,2.349311468836959,12.616575309937764,2.279296541182319
sz000615,2014-01-13,6.07,6.24,5.79,6.18,0.018122,461244.0,2830406.44,1308135880.0,1308165810.0,0.0021790457425569583,28.805682630315783,2013-09-30 00:00:00,2013-10-26 00:00:00,-61.94690956109004,2.17021652068403,11.654776531455896,2.1055390376401064
sz000615,2014-01-10,6.07,6.2,5.8,6.07,-0.00817,1385937.0,8309546.26,1284851910.0,1284881310.0,0.006547554254715628,28.292957651750758,2013-09-30 00:00:00,2013-10-26 00:00:00,-60.844289349498425,2.1315878850314895,11.447328052488697,2.0680616248741375
sz000615,2014-01-09,6.4,6.46,6.05,6.12,-0.04375,994980.0,6267299.79,1295435530.0,1295465170.0,0.0047005639871557335,28.526015195901273,2013-09-30 00:00:00,2013-10-26 00:00:00,-61.345481936923086,2.149146411211084,11.541623113324558,2.0850968662715763
sz000615,2014-01-08,6.49,6.49,6.37,6.4,0.0,449805.0,2882456.85,1354703830.0,1354734820.0,0.0021250046956758067,29.831127002249698,2013-09-30 00:00:00,2013-10-26 00:00:00,-64.15213797325289,2.2474733712011337,12.069671229620452,2.180493454924524
sz000615,2014-01-07,6.43,6.48,6.36,6.4,-0.0031149999999999997,495740.0,3179228.0,1354703830.0,1354734820.0,0.0023420144903554306,29.831127002249698,2013-09-30 00:00:00,2013-10-26 00:00:00,-64.15213797325289,2.2474733712011337,12.069671229620452,2.180493454924524
sz000615,2014-01-06,6.58,6.58,6.41,6.42,-0.021341,1046651.0,6759026.61,1358937280.0,1358968370.0,0.004944672222105792,29.92434132547856,2013-09-30 00:00:00,2013-10-26 00:00:00,-64.35259631076092,2.2544961266356034,12.10738573618868,2.1873069159677634
sz000615,2014-01-03,6.6,6.67,6.51,6.56,-0.0060609999999999995,1386659.0,9143288.16,1388571420.0,1388603190.0,0.006550965192701431,30.576882576544598,2013-09-30 00:00:00,2013-10-26 00:00:00,-65.75589281942017,2.303658502742634,12.371403866095015,2.2350041393046647
sz000615,2014-01-02,6.68,6.69,6.58,6.6,0.001517,366306.0,2418454.03,1397038320.0,1397070290.0,0.0017305320587054475,30.763339175286006,2013-09-30 00:00:00,2013-10-26 00:00:00,-66.15686960610276,2.3177061195331246,12.446844188722865,2.2486331045513506
sz000615,2013-12-31,6.65,6.69,6.56,6.59,-0.0045320000000000004,666154.0,4398807.01,1394921600.0,1394953510.0,0.0031470979157538314,30.7167418778573,2013-09-30 00:00:00,2013-10-26 00:00:00,-66.05666165037914,2.3141954849824065,12.427990926487384,2.2452270950481625
sz000615,2013-12-30,6.66,6.7,6.56,6.62,-0.006006,1185561.0,7842912.34,1401271770.0,1401303830.0,0.005600921953919046,30.856583916165363,2013-09-30 00:00:00,2013-10-26 00:00:00,-66.35739335707339,2.3247311666295714,12.48457100226967,2.2554487889597277
sz000615,2013-12-27,6.53,6.69,6.53,6.66,0.010622,713411.0,4729450.24,1409738670.0,1409770920.0,0.0033703532158907154,31.043028344401836,2013-09-30 00:00:00,2013-10-26 00:00:00,-66.758343970963,2.338777866495745,12.560006400712348,2.2690768646085666
sz000615,2013-12-26,6.53,6.69,6.48,6.59,0.009188,1808801.0,11928152.84,1394921600.0,1394953510.0,0.008545282107610921,30.71675497307781,2013-09-30 00:00:00,2013-10-26 00:00:00,-66.05668981178225,2.314196471574679,12.427996224812391,2.245228052237698
sz000615,2013-12-25,6.57,6.68,6.47,6.53,0.004615,1098827.0,7191337.43,1382221250.0,1382252870.0,0.005191166255040573,30.437098908308272,2013-09-30 00:00:00,2013-10-26 00:00:00,-65.45528663815092,2.293127218689361,12.31484740683836,2.224786711928499
sz000615,2013-12-24,6.47,6.58,6.45,6.5,0.0,1454177.0,9474488.09,1375871070.0,1375902550.0,0.006869939128816772,30.297276975068332,2013-09-30 00:00:00,2013-10-26 00:00:00,-65.15459816760742,2.2825930517555095,12.258275465564779,2.214566487588279
sz000615,2013-12-23,6.41,6.99,6.41,6.5,0.0,1932389.0,12790738.61,1375871070.0,1375902550.0,0.009129146454107796,30.297276975068332,2013-09-30 00:00:00,2013-10-26 00:00:00,-65.15459816760742,2.2825930517555095,12.258275465564779,2.214566487588279
sz000615,2013-12-20,6.59,6.61,6.45,6.5,-0.009146,3270834.0,21495248.69,1375871070.0,1375902550.0,0.01545233522498587,30.297276975068332,2013-09-30 00:00:00,2013-10-26 00:00:00,-65.15459816760742,2.2825930517555095,12.258275465564779,2.214566487588279
sz000615,2013-12-19,6.57,6.65,6.5,6.56,0.001527,3232664.0,21359065.99,1388571420.0,1388603190.0,0.015272009444065902,30.576933609864145,2013-09-30 00:00:00,2013-10-26 00:00:00,-65.75600256708599,2.303662347586536,12.371424514171391,2.2350078695633053
sz000615,2013-12-18,6.74,6.74,6.55,6.55,-0.015038,1342644.0,8910643.15,1386454700.0,1386486420.0,0.006343025992843474,30.530313820659998,2013-09-30 00:00:00,2013-10-26 00:00:00,-65.65574624257357,2.3001500185082735,12.352562151765644,2.231600216033422
sz000615,2013-12-17,6.72,6.75,6.52,6.65,-0.008942,1875275.0,12400580.03,1407621950.0,1407654150.0,0.008859323875988152,30.996438259201877,2013-09-30 00:00:00,2013-10-26 00:00:00,-66.65815152520968,2.335267775313437,12.541156056543953,2.2656713822801513
sz000615,2013-12-16,6.88,6.93,6.7,6.71,-0.028944,4288818.0,29171140.82,1420322290.0,1420354790.0,0.02026157653274596,31.276109227917917,2013-09-30 00:00:00,2013-10-26 00:00:00,-67.25958674992752,2.3563381510602173,12.654310904653363,2.2861138119869384
sz000615,2013-12-13,6.61,7.06,6.53,6.91,0.010234,7244540.0,48505108.68,1462656790.0,1462690250.0,0.03422523434222734,32.20834764206999,2013-09-30 00:00:00,2013-10-26 00:00:00,-69.26437481456016,2.4265728763945824,13.031494480908787,2.354255379696885
sz000615,2013-12-12,6.42,6.93,6.39,6.84,-0.03662,10939592.0,72108739.62,1447839720.0,1447872840.0,0.051681693937779244,31.88206657276432,2013-09-30 00:00:00,2013-10-26 00:00:00,-68.56270410079263,2.4019909015085434,12.899481190406167,2.330406004645344
sz000615,2013-12-11,7.1,7.1,7.1,7.1,-0.100127,547900.0,3890090.0,1502874560.0,1502908940.0,0.0025884329294921325,33.093967668795614,2013-09-30 00:00:00,2013-10-26 00:00:00,-71.16890956921736,2.493295378260441,13.38981626191759,2.4189893963392888
sz000615,2013-11-21,7.45,7.96,7.45,7.89,0.05906,3333676.0,25997092.35,1670095810.0,1670134020.0,0.015749218387656454,36.77626472712883,2013-09-30 00:00:00,2013-10-26 00:00:00,-79.08772634495908,2.770719177328846,14.879673311586846,2.6881453231059145
sz000615,2013-11-20,7.42,7.58,7.42,7.45,0.004043,1162500.0,8698907.4,1576959920.0,1576996000.0,0.005491975344560438,34.72538357329031,2013-09-30 00:00:00,2013-10-26 00:00:00,-74.67728584306751,2.616206048126495,14.049886986182882,2.5382370433270203
sz000615,2013-11-19,7.31,7.47,7.3,7.42,0.008152,1309354.0,9653436.73,1570609750.0,1570645680.0,0.006185754723603365,34.585554177749664,2013-09-30 00:00:00,2013-10-26 00:00:00,-74.37658132477145,2.605671318983843,13.993312025663126,2.528016273533126
sz000615,2013-11-18,7.33,7.5,7.28,7.36,0.004093,1178918.0,8721766.21,1557909400.0,1557945050.0,0.005569538562383666,34.30589254174933,2013-09-30 00:00:00,2013-10-26 00:00:00,-73.77516617015237,2.5846016463626946,13.880160953569627,2.507574525997197
sz000615,2013-11-15,7.17,7.36,7.17,7.33,0.015235,1627320.0,11892296.6,1551559230.0,1551594730.0,0.00768791507882042,34.16605089543432,2013-09-30 00:00:00,2013-10-26 00:00:00,-73.47443530644311,2.5740659942482367,13.823581036387694,2.4973528607381956
sz000615,2013-11-14,7.15,7.24,7.05,7.22,0.002778,1248399.0,8927289.0,1528275260.0,1528310220.0,0.005897786227331848,33.65334222661188,2013-09-30 00:00:00,2013-10-26 00:00:00,-72.37185016911661,2.5354385873696597,13.61613915634084,2.4598766401258776
sz000615,2013-11-13,7.39,7.39,7.15,7.2,-0.023066,2814577.0,20371068.26,1524041810.0,1524076680.0,0.01329684938236701,33.56011223482354,2013-09-30 00:00:00,2013-10-26 00:00:00,-72.17135813621421,2.528414651467882,13.578418310274897,2.4530620337959927
sz000615,2013-11-12,7.25,7.48,7.04,7.37,0.030769,2978238.0,21495663.13,1560026130.0,1560061820.0,0.01407002975007861,34.352486692881556,2013-09-30 00:00:00,2013-10-26 00:00:00,-73.87536735973383,2.58811204387183,13.89901294281384,2.5109803055231903
sz000615,2013-11-11,7.28,7.28,6.99,7.15,-0.006944,1848602.0,13061409.37,1513458180.0,1513492810.0,0.008733313199311527,33.32704679019407,2013-09-30 00:00:00,2013-10-26 00:00:00,-71.67014855873026,2.510855530067192,13.484120052905977,2.436026214916427
sz000615,2013-11-08,7.11,7.25,7.0,7.2,0.005587,926491.0,6631268.52,1524041810.0,1524076680.0,0.004377002754274832,33.56008804155462,2013-09-30 00:00:00,2013-10-26 00:00:00,-72.17130610834663,2.5284128287500325,13.578408521680526,2.45306026539936
sz000615,2013-11-07,7.63,7.65,7.09,7.16,-0.049137,2732599.0,19830685.65,1515574910.0,1515609580.0,0.012909562378543203,33.37362957312955,2013-09-30 00:00:00,2013-10-26 00:00:00,-71.77032530089055,2.514365071097809,13.50296744257884,2.4394311634889476
sz000615,2013-11-06,7.64,7.72,7.51,7.53,-0.009211,1994597.0,15232984.35,1593893720.0,1593930190.0,0.009423034435445295,35.09825240137596,2013-09-30 00:00:00,2013-10-26 00:00:00,-75.47914399959883,2.6442979389226515,14.200749679584586,2.5654917306583043
sz000615,2013-11-05,7.64,7.64,7.41,7.6,-0.005236,1088578.0,8189804.6,1608710790.0,1608747600.0,0.005142747131073821,35.42454791219519,2013-09-30 00:00:00,2013-10-26 00:00:00,-76.18084576998618,2.6688810018305125,14.332768813122255,2.589342161306095
sz000615,2013-11-04,7.65,7.87,7.59,7.64,0.011921,2334570.0,17929088.61,1617177690.0,1617214690.0,0.011029162045885013,35.611007145609605,2013-09-30 00:00:00,2013-10-26 00:00:00,-76.5818282225595,2.6829288171169363,14.408210201738557,2.6029713191330757
sz000615,2013-11-01,7.25,7.67,7.15,7.55,0.05153200000000001,1949657.0,14401983.58,1598127170.0,1598163740.0,0.009210725295409375,35.19148940046664,2013-09-30 00:00:00,2013-10-26 00:00:00,-75.67965110177522,2.6513224027537095,14.238473360804408,2.5723068491839536
sz000615,2013-10-31,7.05,7.2,7.0,7.18,0.012694,1367487.0,9753946.04,1519808360.0,1519843130.0,0.006460391269330825,33.466874427470245,2013-09-30 00:00:00,2013-10-26 00:00:00,-71.97084929586093,2.521390126742419,13.54069430203209,2.446246856190733
sz000615,2013-10-30,7.29,7.33,6.9,7.09,-0.027435,3482361.0,24699526.7,1500757830.0,1500792170.0,0.01645164795841845,33.04737109874281,2013-09-30 00:00:00,2013-10-26 00:00:00,-71.06870317772291,2.4897847985101316,13.37096329397833,2.4155834400033305
sz000615,2013-10-29,7.95,8.05,7.21,7.29,-0.074873,3520970.0,26451067.66,1543092330.0,1543127630.0,0.0166340476204687,33.979601464933246,2013-09-30 00:00:00,2013-10-26 00:00:00,-73.0734739351333,2.560018917512075,13.748143614029221,2.483724419450968
sz000615,2013-10-28,7.83,7.98,7.75,7.88,0.007673,2105599.0,16561971.0,1667979090.0,1668017250.0,0.009947438921431562,36.72966140317302,2013-09-30 00:00:00,2013-10-26 00:00:00,-78.98750542912842,2.76720808874033,14.86081761101905,2.6847388730963075
sz000615,2013-10-25,7.85,7.97,7.72,7.82,-0.007614,1433292.0,11181834.08,1655278740.0,1655316610.0,0.006771272516917603,36.44998070125231,2013-06-30 00:00:00,2013-08-16 00:00:00,-179.60877970982014,2.622111702077259,12.182505237996798,2.673788573324797
sz000615,2013-10-24,8.0,8.15,7.78,7.88,-0.008805,1607897.0,12703279.01,1667979090.0,1668017250.0,0.00759615539305112,36.729640181594974,2013-06-30 00:00:00,2013-08-16 00:00:00,-180.98681330633457,2.6422296385451416,12.27597450789995,2.6943029963389216
sz000615,2013-10-23,8.27,8.55,7.6,7.95,-0.041013,5485490.0,43954510.89,1682796160.0,1682834660.0,0.025914989905848132,37.055917535495006,2013-06-30 00:00:00,2013-08-16 00:00:00,-182.5945583929848,2.665701137056928,12.385024649942695,2.718237073773497
sz000615,2013-10-22,7.88,8.38,7.82,8.29,0.057398000000000005,5157236.0,42493994.16,1754764800.0,1754804950.0,0.024364226157260502,38.64068807553701,2013-06-30 00:00:00,2013-08-16 00:00:00,-190.40358043746664,2.779705185843946,12.914695037516353,2.834487927128832
sz000615,2013-10-21,7.6,7.85,7.56,7.84,0.020833,2644204.0,20593018.02,1659512190.0,1659550160.0,0.012491959676415513,36.543182487140136,2013-06-30 00:00:00,2013-08-16 00:00:00,-180.06803534474872,2.6288163830874898,12.213655631575199,2.6806253909396762
sz000615,2013-10-18,7.6,7.7,7.38,7.68,0.01992,2493241.0,18912848.57,1625644590.0,1625681790.0,0.011778768248476748,35.79741494166052,2013-06-30 00:00:00,2013-08-16 00:00:00,-176.39323507836122,2.5751679100180827,11.964401260123054,2.625919607751391
sz000615,2013-10-17,7.35,7.7,7.35,7.53,0.028689,2650758.0,20011606.22,1593893720.0,1593930190.0,0.012522922632507769,35.09825764928672,2013-06-30 00:00:00,2013-08-16 00:00:00,-172.94810875202094,2.524872450798183,11.730725213862904,2.574632919985284
sz000615,2013-10-16,7.4,7.6,7.3,7.32,-0.010811,3140161.0,23376566.58,1549442500.0,1549477950.0,0.014834999375581864,34.11940601025842,2013-06-30 00:00:00,2013-08-16 00:00:00,-168.12477702398002,2.4544565469234954,11.403568244496546,2.5028292515865194
sz000615,2013-10-15,7.36,7.51,7.32,7.4,-0.005376,1920340.0,14235594.27,1566376300.0,1566412140.0,0.009072223577437939,34.49230229031907,2013-06-30 00:00:00,2013-08-16 00:00:00,-169.96223878751178,2.4812816832005766,11.528199610485503,2.530183060655263
sz000615,2013-10-14,7.05,7.49,7.05,7.44,0.06285700000000001,4488923.0,33089020.64,1574843200.0,1574879230.0,0.02120692848659473,34.6787351705962,2013-06-30 00:00:00,2013-08-16 00:00:00,-170.88089447621596,2.4946931535942998,11.590510193284603,2.5438588458103397
sz000615,2013-10-11,7.01,7.15,6.92,7.0,-0.0014269999999999999,1676184.0,11762910.1,1481707310.0,1481741210.0,0.007918762309406437,32.6278466158629,2013-06-30 00:00:00,2013-08-16 00:00:00,-160.77505673502262,2.34715785246209,10.9050513787693,2.39341590243122
sz000615,2013-10-10,7.02,7.17,6.9,7.01,-0.002845,2067394.0,14544834.78,1483824040.0,1483857990.0,0.009766947797934316,32.67447308896085,2013-06-30 00:00:00,2013-08-16 00:00:00,-161.00481059974848,2.3505120331333713,10.920635125092808,2.396836187671027
sz000615,2013-10-09,7.06,7.27,7.03,7.03,-0.011252,2531666.0,18120018.58,1488057490.0,1488091530.0,0.011960298644106823,32.76769718745917,2013-06-30 00:00:00,2013-08-16 00:00:00,-161.46417618098337,2.3572183192516425,10.951792976109841,2.4036746420275956
sz000615,2013-10-08,6.93,7.18,6.93,7.11,0.025974,2407474.0,17091069.74,1504991280.0,1505025720.0,0.011373580941944062,33.14059516424728,2013-06-30 00:00:00,2013-08-16 00:00:00,-163.3016463052096,2.3840435775866475,11.076424909188026,2.4310285755597945
sz000615,2013-09-30,6.79,7.04,6.75,6.93,0.011679,1576196.0,10899910.02,1466890240.0,1466923800.0,0.007446390999233862,32.301593572787695,2013-06-30 00:00:00,2013-08-16 00:00:00,-159.16743144096208,2.3236881028044065,10.796009362018948,2.36948360831736
sz000615,2013-09-27,6.89,6.97,6.78,6.85,-0.005806,1525495.0,10506901.03,1449956440.0,1449989610.0,0.007206865297277481,31.928698305280328,2013-06-30 00:00:00,2013-08-16 00:00:00,-157.32997466682818,2.2968630393676315,10.671378334450894,2.3421298735244673
sz000615,2013-09-26,6.73,7.06,6.73,6.89,0.023774,2810160.0,19492198.0,1458423340.0,1458456710.0,0.0132759822672613,32.11515891795799,2013-06-30 00:00:00,2013-08-16 00:00:00,-158.24876700807707,2.3102765047542344,10.733698186119504,2.355807692989967
sz000615,2013-09-25,6.81,6.84,6.7,6.73,-0.011747,1757679.0,11905732.0,1424555740.0,1424588340.0,0.008303767510002802,31.369383201720296,2013-06-30 00:00:00,2013-08-16 00:00:00,-154.5739264799429,2.2566274439028873,10.4844410837934,2.3011013104356697
sz000615,2013-09-24,6.93,7.0,6.74,6.81,-0.022956,3385825.0,23133764.85,1441489540.0,1441522520.0,0.015995584851763823,31.742259524352864,2013-06-30 00:00:00,2013-08-16 00:00:00,-156.4112899024267,2.2834511444972967,10.609065779505245,2.3284536555271464
sz000615,2013-09-23,7.2,7.2,6.95,6.97,-0.025175,4813334.0,33766343.46,1475357140.0,1475390890.0,0.02273953680123851,32.48805532233233,2013-06-30 00:00:00,2013-08-16 00:00:00,-160.08622938416968,2.337101649974102,10.858329593657242,2.3831615111777427
sz000615,2013-09-18,6.75,7.22,6.74,7.15,0.059259000000000006,6610278.0,46794548.94,1513458180.0,1513492810.0,0.031228803229964373,33.32706416262645,2013-06-30 00:00:00,2013-08-16 00:00:00,-164.22047996734767,2.397457646217631,11.138747563570119,2.4447070101584822
sz000615,2013-09-17,6.75,6.91,6.65,6.75,-0.0058909999999999995,3849347.0,26240745.35,1428789190.0,1428821880.0,0.018185392521061838,31.46262072130277,2013-06-30 00:00:00,2013-08-16 00:00:00,-155.03335819412217,2.2633346954971643,10.515603420476124,2.307940749295953
sz000615,2013-09-16,6.48,6.99,6.48,6.79,0.052713,4593329.0,31174870.67,1437256090.0,1437288980.0,0.02170017168617459,31.649065365370163,2013-06-30 00:00:00,2013-08-16 00:00:00,-155.9520718493869,2.276747012145715,10.577917935031394,2.321617397383942
sz000615,2013-09-13,6.36,6.46,6.32,6.45,0.014150999999999999,2171342.0,13928590.92,1365287450.0,1365318690.0,0.010258027274769134,30.06428662453125,2013-06-30 00:00:00,2013-08-16 00:00:00,-148.14300939514087,2.1627423734158455,10.048244806544039,2.205365942459096
sz000615,2013-09-12,6.25,6.45,6.25,6.36,0.009524,1701499.0,10855685.86,1346236930.0,1346267730.0,0.008038357438315111,29.644783296108027,2013-06-30 00:00:00,2013-08-16 00:00:00,-146.075889483066,2.1325644538297013,9.908036186469312,2.1745932730521353
sz000615,2013-09-11,6.32,6.32,6.17,6.3,-0.003165,1370600.0,8583251.61,1333536580.0,1333567090.0,0.0064750979684411805,29.36510998857682,2013-06-30 00:00:00,2013-08-16 00:00:00,-144.6977877525111,2.1124455226717753,9.814562295170111,2.1540778357445047
sz000615,2013-09-10,6.27,6.35,6.23,6.32,0.006369,1600894.0,10097627.85,1337770030.0,1337800640.0,0.007563071270179375,29.458345652567193,2013-06-30 00:00:00,2013-08-16 00:00:00,-145.15721032318396,2.1191526407798436,9.845724011667038,2.1609171384878185
sz000615,2013-09-09,6.2,6.37,6.16,6.28,0.019481000000000002,1921182.0,12115647.57,1329303130.0,1329333540.0,0.009076201422921497,29.271912839691197,2013-06-30 00:00:00,2013-08-16 00:00:00,-144.23855496660167,2.1057411752347734,9.783413451395102,2.1472413582769527
sz000615,2013-09-06,6.23,6.23,6.08,6.16,0.0,538654.0,3311168.84,1303902430.0,1303932270.0,0.002544752248065064,28.71256339224683,2013-06-30 00:00:00,2013-08-16 00:00:00,-141.48233754881326,2.0655031091651277,9.596464722143034,2.106210275892295
sz000615,2013-09-05,6.01,6.23,6.01,6.16,0.026667000000000003,1285042.0,7913118.31,1303902430.0,1303932270.0,0.006070898050247518,28.71256339224683,2013-06-30 00:00:00,2013-08-16 00:00:00,-141.48233754881326,2.0655031091651277,9.596464722143034,2.106210275892295
sz000615,2013-09-04,6.12,6.12,5.96,6.0,-0.021207,1626255.0,9773735.15,1270034840.0,1270063900.0,0.007682883723095344,27.966773444794498,2013-06-30 00:00:00,2013-08-16 00:00:00,-137.8074268957834,2.0118530245592074,9.347202863385144,2.0515028494071545
sz000615,2013-09-03,6.15,6.2,6.0,6.13,0.0,1337229.0,8176499.16,1297552260.0,1297581950.0,0.006317444023410664,28.572715012055152,2013-06-30 00:00:00,2013-08-16 00:00:00,-140.7932289010888,2.055442800019215,9.54972385722532,2.095951697046418
sz000615,2013-09-02,6.14,6.2,5.92,6.13,-0.00487,1461443.0,8892098.77,1297552260.0,1297581950.0,0.00690426572105851,28.572715012055152,2013-06-30 00:00:00,2013-08-16 00:00:00,-140.7932289010888,2.055442800019215,9.54972385722532,2.095951697046418
sz000615,2013-08-30,6.45,6.49,6.08,6.16,-0.041991,1979956.0,12450355.9,1303902430.0,1303932270.0,0.00935386627050001,28.712545106724903,2013-06-30 00:00:00,2013-08-16 00:00:00,-141.48224744615158,2.065501793754801,9.596458610659232,2.1062089345577144
sz000615,2013-08-29,6.3,6.5,6.23,6.43,0.020635,1452987.0,9265863.48,1361054000.0,1361085140.0,0.006864317220330715,29.971059882240045,2013-06-30 00:00:00,2013-08-16 00:00:00,-147.68363078650782,2.156035897110362,10.017086071904577,2.1985272941670844
sz000615,2013-08-28,6.39,6.41,6.27,6.3,-0.014085,1124979.0,7137989.5,1333536580.0,1333567090.0,0.005314715626323501,29.365110820459854,2013-06-30 00:00:00,2013-08-16 00:00:00,-144.69779185164904,2.1124455825151616,9.81456257320646,2.154077896767291
sz000615,2013-08-27,6.16,6.45,6.1,6.39,0.039024,2264794.0,14369688.96,1352587100.0,1352618050.0,0.010699520688907945,29.784627295922927,2013-06-30 00:00:00,2013-08-16 00:00:00,-146.76497654630373,2.1426244478633163,9.954775587354348,2.1848515305754463
sz000615,2013-08-26,6.02,6.16,5.96,6.15,0.0199,907678.0,5532997.87,1301785710.0,1301815490.0,0.004288124886545268,28.665966614748967,2013-06-30 00:00:00,2013-08-16 00:00:00,-141.2527300103787,2.062151064713921,9.58089090083997,2.1027921689734277
sz000615,2013-08-23,6.1,6.15,5.98,6.03,-0.011475,1250820.0,7592750.8,1276385010.0,1276414220.0,0.005909223738063173,28.106644391360884,2013-06-30 00:00:00,2013-08-16 00:00:00,-138.49664674024777,2.021914957068262,9.393951270555906,2.0617630836095966
sz000615,2013-08-22,6.13,6.21,6.08,6.1,-0.011345000000000001,1241707.0,7631123.07,1291202090.0,1291231630.0,0.005866171344254872,28.432912057217457,2013-06-30 00:00:00,2013-08-16 00:00:00,-140.1043440886652,2.0453857586487567,9.50299817460955,2.08569645037768
sz000615,2013-08-21,6.23,6.25,6.12,6.17,-0.0016179999999999999,645100.0,3978583.0,1306019160.0,1306049040.0,0.003047632930591922,28.759185011169173,2013-06-30 00:00:00,2013-08-16 00:00:00,-141.71206749438906,2.068856940640321,9.612046846078309,2.1096302050540183
sz000615,2013-08-20,6.12,6.2,6.05,6.18,0.008157,1462136.0,8984050.44,1308135880.0,1308165810.0,0.006907539666292159,28.805792783893516,2013-06-30 00:00:00,2013-08-16 00:00:00,-141.9417292122545,2.072209776057983,9.627624342264093,2.113049118527796
sz000615,2013-08-19,5.8,6.16,5.71,6.13,0.047863,2593053.0,15508296.94,1297552260.0,1297581950.0,0.012250308045396183,28.572725065533955,2013-06-30 00:00:00,2013-08-16 00:00:00,-140.79327844001926,2.0554435232389237,9.549727217352153,2.0959524345194214
sz000615,2013-08-16,5.95,5.96,5.85,5.85,-0.011824,2038392.0,12005587.61,1238283970.0,1238312300.0,0.009629934238751392,27.267615199252152,2013-06-30 00:00:00,2013-08-16 00:00:00,-134.36229587266587,1.9615574967709744,9.11352649855196,2.000216091721362
sz000615,2013-08-15,6.0,6.04,5.88,5.92,-0.023102,3162805.0,18728903.57,1253101040.0,1253129710.0,0.014941975947925156,27.593885299027853,2013-03-31 00:00:00,2013-04-19 00:00:00,-200.37203852534918,1.8182396339410036,7.020613448562601,2.0042020178250457
sz000615,2013-08-14,6.26,6.35,5.95,6.06,-0.027287,4252598.0,26013970.95,1282735190.0,1282764530.0,0.020090463005072775,28.2464344271642,2013-03-31 00:00:00,2013-04-19 00:00:00,-205.11050132700566,1.8612379531343124,7.18663918706211,2.051598035644505
sz000615,2013-08-13,6.45,6.45,6.22,6.23,-0.029595,2988860.0,18823669.56,1318719510.0,1318749680.0,0.01412021105231089,29.038816616169616,2013-03-31 00:00:00,2013-04-19 00:00:00,-210.8643570374876,1.913450270670087,7.388242150626248,2.109150423243552
sz000615,2013-08-12,6.23,6.42,6.23,6.42,0.030498,3358265.0,21358454.45,1358937280.0,1358968370.0,0.015865383647433676,29.92443012574092,2013-03-31 00:00:00,2013-04-19 00:00:00,-217.2952087401524,1.9718058652522268,7.613565625307215,2.173474398053959
sz000615,2013-08-09,6.21,6.33,6.15,6.23,0.003221,1523760.0,9490025.86,1318719510.0,1318749680.0,0.007198668653958112,29.03880466118413,2013-03-31 00:00:00,2013-04-19 00:00:00,-210.86427022677617,1.9134494829220694,7.38823910896209,2.1091495549277717
sz000615,2013-08-08,6.3,6.4,6.21,6.21,-0.014286000000000002,1832511.0,11462206.95,1314486060.0,1314516130.0,0.008657294783331517,28.945570977067,2013-03-31 00:00:00,2013-04-19 00:00:00,-210.1872570717481,1.907306050134586,7.364517996495378,2.102377796046705
sz000615,2013-08-07,6.2,6.32,6.12,6.3,0.016128999999999998,2350937.0,14603889.69,1333536580.0,1333567090.0,0.0111064843080645,29.365080517337685,2013-03-31 00:00:00,2013-04-19 00:00:00,-213.2335110100375,1.934948727657907,7.471252306952502,2.1328476576843842
sz000615,2013-08-06,6.15,6.27,6.03,6.2,0.0032359999999999997,3651840.0,22434906.45,1312369330.0,1312399360.0,0.01725231417896668,28.898969045601184,2013-03-31 00:00:00,2013-04-19 00:00:00,-209.84885876698476,1.9042353162422356,7.352661233910755,2.0989929995939334
sz000615,2013-08-05,6.28,6.6,6.12,6.18,-0.015924,3754683.0,23797819.18,1308135880.0,1308165810.0,0.017738173300467838,28.80575362686465,2013-03-31 00:00:00,2013-04-19 00:00:00,-209.17197824538272,1.8980930870126627,7.328944768639437,2.0922225673659374
sz000615,2013-08-02,6.21,6.3,6.15,6.28,0.011271999999999999,2955139.0,18422375.88,1329303130.0,1329333540.0,0.013960903650320903,29.27187902851472,2013-03-31 00:00:00,2013-04-19 00:00:00,-212.55673164001834,1.9288074163099829,7.447539385819223,2.1260782372153546
sz000615,2013-08-01,6.16,6.3,6.06,6.21,0.008117000000000001,2108738.0,13065334.8,1314486060.0,1314516130.0,0.009962268432120155,28.945604178217852,2013-03-31 00:00:00,2013-04-19 00:00:00,-210.1874981607504,1.9073082378529052,7.364526443745326,2.102380207516232
sz000615,2013-07-31,6.19,6.38,6.01,6.16,-0.009646,3444925.0,21221342.24,1303902430.0,1303932270.0,0.016274789824572995,28.71254445487761,2013-03-31 00:00:00,2013-04-19 00:00:00,-208.49514308433484,1.8919512693991918,7.30522989270623,2.0854525888525157
sz000615,2013-07-30,5.9,6.28,5.8,6.22,0.043624,4355177.0,26567940.62,1316602780.0,1316632910.0,0.02057507499718328,28.99220324740205,2013-03-31 00:00:00,2013-04-19 00:00:00,-210.52587568115527,1.9103787831413734,7.376382478089884,2.1057647960754595
sz000615,2013-07-29,5.61,5.99,5.57,5.96,0.049296,3989017.0,23336190.4,1261567940.0,1261596800.0,0.018845232639630966,27.780314794793956,2013-03-31 00:00:00,2013-04-19 00:00:00,-201.7257898257948,1.8305240039912587,7.068046037739535,2.0177427848300344
sz000615,2013-07-26,5.58,5.71,5.58,5.68,0.017921,1902863.0,10772957.82,1202299650.0,1202327150.0,0.008989657312135123,26.475193648688222,2013-03-31 00:00:00,2013-04-19 00:00:00,-192.2486980087552,1.7445258573283982,6.735988736962245,1.922949086654323
sz000615,2013-07-25,5.63,5.68,5.54,5.58,-0.008881,1219107.0,6829979.66,1181132400.0,1181159420.0,0.0057594026376721185,26.00908483928342,2013-03-31 00:00:00,2013-04-19 00:00:00,-188.8640650981316,1.71381262134134,6.6173983412880215,1.8890946219346325
sz000615,2013-07-24,5.41,5.67,5.41,5.63,0.025501,1776548.0,9860632.08,1191716020.0,1191743290.0,0.008392909948462385,26.242141296134392,2013-03-31 00:00:00,2013-04-19 00:00:00,-190.55639645504888,1.7291693745567787,6.676694061245946,1.9060220033463513
sz000615,2013-07-23,5.43,5.55,5.43,5.49,0.005495,1969331.0,10863923.55,1162081880.0,1162108460.0,0.009303670744784352,25.58958138132912,2013-03-31 00:00:00,2013-04-19 00:00:00,-185.8178553263711,1.6861703445991558,6.510665578332881,1.858625202068405
sz000615,2013-07-22,5.11,5.46,5.1,5.46,0.045977,2592501.0,13904868.54,1155731700.0,1155758150.0,0.012247700275072493,25.44973508702591,2013-03-31 00:00:00,2013-04-19 00:00:00,-184.80236632342388,1.6769554742680528,6.4750849863329805,1.8484678711166191
sz000615,2013-07-19,5.18,5.56,5.01,5.22,0.029586,3458944.0,18261372.75,1104930310.0,1104955590.0,0.016341019444022675,24.331065680245274,2013-03-31 00:00:00,2013-04-19 00:00:00,-176.67918732766006,1.6032431633468545,6.190465934081706,1.7672165555424442
sz000615,2013-07-17,5.06,5.14,5.04,5.07,-0.007828,632856.0,3222231.54,1073179440.0,1073203990.0,0.002989788846495233,23.631892508489113,2013-03-31 00:00:00,2013-04-19 00:00:00,-171.60216565460294,1.5571726532284376,6.012577807081395,1.7164341352178876
sz000615,2013-07-16,5.06,5.13,4.96,5.11,0.007890000000000001,1087908.0,5505709.22,1081646340.0,1081671080.0,0.005139581834114097,23.818342493528455,2013-03-31 00:00:00,2013-04-19 00:00:00,-172.95606573719368,1.5694583733752188,6.060015609270766,1.729976390401954
sz000615,2013-07-15,4.99,5.07,4.95,5.07,0.014,713140.0,3576136.42,1073179440.0,1073203990.0,0.0033690729296863907,23.63188690584137,2013-03-31 00:00:00,2013-04-19 00:00:00,-171.60212497117115,1.5571722840540325,6.012576381619787,1.7164337282857791
sz000615,2013-07-12,5.15,5.15,4.99,5.0,-0.013807,885429.0,4460962.58,1058362370.0000001,1058386580.0000001,0.004183014367753834,23.305608388403716,2013-03-31 00:00:00,2013-04-19 00:00:00,-169.2328648630879,1.535672863958612,5.929562506528389,1.6927354322344963
sz000615,2013-07-11,4.97,5.12,4.97,5.07,0.016031999999999998,1091463.0,5513641.8,1073179440.0,1073203990.0,0.005156376654029078,23.631893948145766,2013-03-31 00:00:00,2013-04-19 00:00:00,-171.60217610861963,1.5571727480915114,6.012578173368082,1.7164342397831827
sz000615,2013-07-10,4.92,5.0,4.86,4.99,0.022541,418203.0,2060683.09,1056245639.9999999,1056269810.0,0.0019757080086029995,23.25900557083415,2013-03-31 00:00:00,2013-04-19 00:00:00,-168.89446012391303,1.5326020716783637,5.917705518495561,1.6893505714221426
sz000615,2013-07-09,4.82,4.93,4.82,4.88,0.004115,228984.0,1112424.08,1032961670.0,1032985300.0,0.001081784496417955,22.74628163646656,2013-03-31 00:00:00,2013-04-19 00:00:00,-165.1713331044066,1.4988172324418911,5.787255003462512,1.6521103519782019
sz000615,2013-07-08,4.99,4.99,4.76,4.86,-0.028,798907.0,3884191.94,1028728220.0,1028751760.0,0.003774260241446473,22.653064276966838,2013-03-31 00:00:00,2013-04-19 00:00:00,-164.49443849002017,1.4926748753299084,5.763538044409765,1.6453397787884871
sz000615,2013-07-05,4.96,5.04,4.92,5.0,0.0020039999999999997,626296.0,3122114.36,1058362370.0000001,1058386580.0000001,0.0029587975619352375,23.305621684122265,2013-03-31 00:00:00,2013-04-19 00:00:00,-169.23296140948577,1.535673740051346,5.929565889310458,1.6927363979305423
sz000615,2013-07-04,4.98,5.06,4.9,4.99,0.010121,661154.0,3291767.84,1056245639.9999999,1056269810.0,0.0031234765238888945,23.259010626826104,2013-03-31 00:00:00,2013-04-19 00:00:00,-168.8944968378228,1.5326024048320628,5.917706804873492,1.6893509386494892
sz000615,2013-07-03,5.04,5.04,4.92,4.94,-0.019841,509656.0,2528342.65,1045662020.0,1045685940.0,0.0024077575658720016,23.025964836713726,2013-03-31 00:00:00,2013-04-19 00:00:00,-167.20224293705684,1.517246354478387,5.858413798815679,1.6724243319854641
sz000615,2013-07-02,4.93,5.04,4.93,5.04,0.012048,279315.0,1394270.86,1066829260.0,1066853669.9999999,0.0013195622324794504,23.492071017777448,2013-03-31 00:00:00,2013-04-19 00:00:00,-170.58685676207313,1.5479594172765714,5.977003525770491,1.7062786058032053
sz000615,2013-07-01,4.85,4.99,4.85,4.98,0.024691,569125.0,2809760.0,1054128919.9999999,1054153030.0,0.002688705760961383,23.212407927072086,2013-03-31 00:00:00,2013-04-19 00:00:00,-168.55609295416136,1.529531620315016,5.90584984681605,1.6859660863943264
sz000615,2013-06-28,4.8,5.04,4.73,4.86,-0.004098,718369.0,3510951.55,1028631450.0,1028751760.0,0.0033940954653875303,22.653080711231077,2013-03-31 00:00:00,2013-04-19 00:00:00,-164.49455782685843,1.4926759582303504,5.763542225720779,1.6453409724437187
sz000615,2013-06-27,4.95,5.06,4.88,4.88,-0.027888,1137915.0,5657542.47,1032864500.0,1032985300.0,0.005376334649898414,22.746295028256874,2013-03-31 00:00:00,2013-04-19 00:00:00,-165.1714303484263,1.4988181148650677,5.7872584106877785,1.6521113246521433
sz000615,2013-06-26,5.1,5.1,4.92,5.02,0.004,1069292.0,5345761.75,1062495860.0000001,1062620129.9999999,0.005052109887750526,23.398841932058115,2013-03-31 00:00:00,2013-04-19 00:00:00,-169.9098769981507,1.5418162874906056,5.953283583257668,1.6995071809134579
sz000615,2013-06-25,5.21,5.28,4.68,5.0,-0.038462,1683119.0,8333664.08,1058262810.0,1058386580.0000001,0.007952273216517928,23.305619454241146,2013-03-31 00:00:00,2013-04-19 00:00:00,-169.23294521728158,1.5356735931181331,5.929565321969789,1.6927362359695797
sz000615,2013-06-24,5.25,5.3,5.09,5.2,-0.028037,2106973.0,11003790.44,1100593320.0,1100722040.0,0.009954866525993452,24.23785586658161,2013-03-31 00:00:00,2013-04-19 00:00:00,-176.00234750709964,1.597101303451484,6.1667508948890095,1.7604465304226973
sz000615,2013-06-21,5.4,5.4,5.1,5.35,-0.014733000000000001,1807029.0,9485111.44,1132341210.0,1132473640.0,0.008537713777987467,24.937014954871337,2013-03-31 00:00:00,2013-04-19 00:00:00,-181.079266913555,1.643170885570216,6.344635438683375,1.8112279278354189
sz000615,2013-06-20,5.65,5.65,5.39,5.43,-0.032086,1036313.0,5697781.7,1149273410.0,1149407830.0,0.0048962932066791654,25.309905796978217,2013-03-31 00:00:00,2013-04-19 00:00:00,-183.7870007962867,1.6677417243957386,6.439508720664932,1.8383117752197313
sz000615,2013-06-19,5.66,5.66,5.53,5.61,-0.012324,1986611.0,11109294.38,1187370870.0,1187509740.0,0.009386189261995286,26.148920045560057,2013-03-31 00:00:00,2013-04-19 00:00:00,-189.87947358575937,1.7230267610508152,6.6529761122010145,1.8992511475396898
sz000615,2013-06-18,5.63,5.75,5.61,5.68,0.007092,2111220.0,12022909.15,1202186550.0,1202327150.0,0.009974932426252813,26.47520041548044,2013-03-31 00:00:00,2013-04-19 00:00:00,-192.24874714558152,1.744526303211595,6.73599045861296,1.9229495781406958
sz000615,2013-06-17,5.5,5.65,5.46,5.64,0.023593,2157597.0,12054886.2,1193720450.0,1193860060.0,0.010194050943836975,26.28876052583124,2013-03-31 00:00:00,2013-04-19 00:00:00,-190.89492037031522,1.7322412482788014,6.688555224957561,1.909408056206082
sz000615,2013-06-14,5.44,5.51,5.41,5.51,0.018484,1117488.0,6113381.18,1166205620.0,1166342010.0,0.005279822678268349,25.682825620956027,2013-03-31 00:00:00,2013-04-19 00:00:00,-186.49494512986627,1.6923144729192183,6.534389376400152,1.8653977276183815
sz000615,2013-06-13,5.5,5.5,5.34,5.41,-0.019928,1355811.0,7318292.78,1145040360.0,1145174280.0,0.0064058331620729944,25.216719772677852,2013-03-31 00:00:00,2013-04-19 00:00:00,-183.11033372136066,1.6616014320492207,6.415799734114775,1.8315434779715556
sz000615,2013-06-07,5.57,5.59,5.41,5.52,-0.007194,1991809.0,10964044.5,1168322140.0,1168458780.0,0.00941074837458785,25.729456379406667,2013-03-31 00:00:00,2013-04-19 00:00:00,-186.83355276077745,1.6953871063036396,6.546253473331322,1.868784617835787
sz000615,2013-06-06,5.62,5.66,5.55,5.56,-0.010676,1461901.0,8155423.48,1176788240.0,1176925880.0,0.006907079186991195,25.915895330413665,2013-03-31 00:00:00,2013-04-19 00:00:00,-188.18737272012604,1.707672099386627,6.5936884681713455,1.8823260715948402
sz000615,2013-06-05,5.59,5.8,5.59,5.62,-0.0053100000000000005,2176381.0,12373387.19,1189487400.0,1189626520.0,0.01028280015408318,26.195559119574238,2013-03-31 00:00:00,2013-04-19 00:00:00,-190.218141599846,1.726099942371384,6.664842324831245,1.9026386417339927
sz000615,2013-06-04,5.68,5.71,5.55,5.65,-0.005282,2418885.0,13601684.47,1195836980.0,1195976840.0,0.011428564661046024,26.33540009407377,2013-03-31 00:00:00,2013-04-19 00:00:00,-191.2335919732238,1.7353144621654828,6.700421563332541,1.9127955862972308
sz000615,2013-06-03,5.5,5.68,5.49,5.68,0.032727,5021364.0,28266247.94,1202186550.0,1202327150.0,0.023724560485225858,26.475242324029292,2013-03-31 00:00:00,2013-04-19 00:00:00,-192.24905146305164,1.7445290646851497,6.7360011212550095,1.9229526220468824
sz000615,2013-05-31,5.4,5.55,5.38,5.5,0.011029,2368851.0,13005497.21,1164089090.0,1164225240.0,0.011192167860623107,25.63624493600854,2013-03-31 00:00:00,2013-04-19 00:00:00,-186.15670110595698,1.6892451390204282,6.522538019491123,1.8620144743449938
sz000615,2013-05-30,5.44,5.48,5.39,5.44,-0.001835,1546499.0,8405732.56,1151389940.0,1151524600.0,0.007306781367222994,25.3565871364803,2013-03-31 00:00:00,2013-04-19 00:00:00,-184.12597571974396,1.6708176907095922,6.451385686751937,1.841702339245456
sz000615,2013-05-29,5.5,5.62,5.4,5.45,-0.014466999999999999,3101706.0,17035530.8,1153506460.0,1153641370.0,0.014654705704899131,25.40320201217264,2013-03-31 00:00:00,2013-04-19 00:00:00,-184.46446801855802,1.673889277533867,6.4632457426897725,1.8450880758646675
sz000615,2013-05-28,5.38,5.6,5.36,5.53,0.031716,3074188.0,16799395.45,1170438670.0,1170575560.0,0.01452469067858122,25.776104922080375,2013-03-31 00:00:00,2013-04-19 00:00:00,-187.17228953120596,1.6984609115411324,6.558122095038698,1.8721727997587778
sz000615,2013-05-27,5.28,5.4,5.28,5.36,0.011321,1540891.0,8268085.98,1134457730.0,1134590410.0,0.007280285145573473,24.983721219870947,2013-03-31 00:00:00,2013-04-19 00:00:00,-181.41842283264577,1.6462484942960391,6.356518746475481,1.8146203022525362
sz000615,2013-05-24,5.29,5.4,5.25,5.3,0.0,1879119.0,9954642.38,1121758580.0,1121889770.0,0.0088783191656087,24.704046707099874,2013-03-31 00:00:00,2013-04-19 00:00:00,-179.3875760838011,1.6278199447020674,6.285362161445755,1.7943069532349636
sz000615,2013-05-23,5.32,5.37,5.28,5.3,-0.005629,1174400.0,6250375.1,1121758580.0,1121889770.0,0.005548716195244078,24.704046707099874,2013-03-31 00:00:00,2013-04-19 00:00:00,-179.3875760838011,1.6278199447020674,6.285362161445755,1.7943069532349636
sz000615,2013-05-22,5.38,5.42,5.3,5.33,-0.012962999999999999,1513604.0,8090445.34,1128108160.0,1128240090.0,0.007151361550296738,24.843892980688167,2013-03-31 00:00:00,2013-04-19 00:00:00,-180.40306493632767,1.6370348136682056,6.3209427481752325,1.8044642826821815
sz000615,2013-05-21,5.37,5.45,5.34,5.4,0.0037170000000000003,1771694.0,9542309.41,1142923830.0,1143057510.0,0.008370765705357636,25.170173945544256,2013-03-31 00:00:00,2013-04-19 00:00:00,-182.7723428162548,1.6585343950309925,6.403957245954542,1.8281627564946215
sz000615,2013-05-20,5.34,5.42,5.29,5.38,0.009381,2316979.0,12394911.03,1138690780.0,1138823960.0,0.010947086987039624,25.076962874539593,2013-03-31 00:00:00,2013-04-19 00:00:00,-182.0954938655565,1.652392452285846,6.3802418868610795,1.8213926400515497
sz000615,2013-05-17,5.2,5.33,5.17,5.33,0.025,2394518.0,12620743.28,1128108160.0,1128240090.0,0.011313437303742223,24.84390222774115,2013-03-31 00:00:00,2013-04-19 00:00:00,-180.40313208348138,1.6370354229828439,6.320945100869819,1.8044649543151194
sz000615,2013-05-16,5.11,5.2,5.1,5.2,0.009709,1425397.0,7351757.9,1100593320.0,1100722040.0,0.006734607838615629,24.237953392918197,2013-03-31 00:00:00,2013-04-19 00:00:00,-176.00305569120135,1.59710772973936,6.166775708165678,1.7604536139659706
sz000615,2013-05-15,5.12,5.2,5.07,5.15,0.007828,864452.0,4427945.17,1090010690.0,1090138180.0,0.00408429737510189,24.004889916716795,2013-03-31 00:00:00,2013-04-19 00:00:00,-174.31067336351498,1.5817505139989443,6.107478202299552,1.7435257227240428
sz000615,2013-05-14,5.18,5.21,5.08,5.11,-0.017308,833808.0,4265699.38,1081544590.0,1081671080.0,0.0039395129145808035,23.818439174856024,2013-03-31 00:00:00,2013-04-19 00:00:00,-172.95676778529176,1.5694647439830451,6.060040207554813,1.7299834125704416
sz000615,2013-05-13,5.18,5.25,5.16,5.2,-0.0019190000000000001,1076334.0,5598171.14,1100593320.0,1100722040.0,0.005085381401369945,24.237949606647888,2013-03-31 00:00:00,2013-04-19 00:00:00,-176.00302819733113,1.5971074802512335,6.166774744838477,1.7604533389611816
sz000615,2013-05-10,5.04,5.22,5.02,5.21,0.03373,1983012.0,10206944.07,1102709850.0,1102838820.0,0.009369184940172613,24.284551661285892,2013-03-31 00:00:00,2013-04-19 00:00:00,-176.34142739650503,1.6001782222597498,6.17863153876136,1.763838144360209
sz000615,2013-05-09,5.17,5.17,5.0,5.04,-0.025144999999999997,2142711.0,10892755.21,1066728909.9999999,1066853669.9999999,0.010123718724375813,23.49216106844717,2013-03-31 00:00:00,2013-04-19 00:00:00,-170.58751066187983,1.547965350971482,5.977026437040001,1.706285146373046
sz000615,2013-05-08,5.18,5.25,5.14,5.17,-0.005769,1142001.0,5912549.15,1094243750.0,1094371720.0,0.005395639838015981,24.09810799395517,2013-03-31 00:00:00,2013-04-19 00:00:00,-174.98757318973574,1.5878929184047696,6.1311953439639755,1.750296348044628
sz000615,2013-05-07,5.19,5.25,5.16,5.2,0.003861,940510.0,4894366.69,1100593320.0,1100722040.0,0.004443650448469013,24.23793665049186,2013-03-31 00:00:00,2013-04-19 00:00:00,-176.0029341166547,1.5971066265332399,6.166771448450083,1.7604523979282762
sz000615,2013-05-06,5.18,5.23,5.15,5.18,0.005825,1363816.0,7063829.34,1096360270.0,1096488500.0,0.006443654584455163,24.144713910085024,2013-03-31 00:00:00,2013-04-19 00:00:00,-175.32600042899836,1.5909639148579733,6.143053120352404,1.7536814339119424
sz000615,2013-05-03,5.11,5.18,5.09,5.15,0.007828,1071330.0,5519128.07,1090010690.0,1090138180.0,0.005061738889918593,24.00488545232523,2013-03-31 00:00:00,2013-04-19 00:00:00,-174.3106409454909,1.5817502198274784,6.107477066440389,1.7435253984658787
sz000615,2013-05-02,5.07,5.12,5.02,5.11,0.007890000000000001,685440.0,3473132.67,1081544590.0,1081671080.0,0.003238515020448672,23.818434745140273,2013-03-31 00:00:00,2013-04-19 00:00:00,-172.95673561906483,1.5694644520964673,6.060039080518092,1.7299830908308549
sz000615,2013-04-26,5.1,5.19,5.05,5.07,-0.005882,1179023.0,6013215.59,1073078490.0,1073203990.0,0.005570558599119809,23.631978435285866,2013-03-31 00:00:00,2013-04-19 00:00:00,-171.60278960904944,1.557178315189621,6.012599669128667,1.7164403762621463
sz000615,2013-04-25,5.29,5.37,5.09,5.1,-0.041352999999999994,3362996.0,17434824.28,1079428070.0,1079554310.0,0.015889228820962567,23.771804187516842,2013-03-31 00:00:00,2013-04-19 00:00:00,-172.61812944645348,1.5663918319451222,6.048175034682671,1.7265962151999525
sz000615,2013-04-24,5.35,5.43,5.3,5.32,-0.012987,2503272.0,13379006.16,1125991630.0,1126123320.0,0.011827270012655424,24.7972446453354,2013-03-31 00:00:00,2013-04-19 00:00:00,-180.06432967135294,1.6339610220916796,6.309074179215781,1.8010761158173472
sz000615,2013-04-23,5.58,5.6,5.37,5.39,-0.032316000000000004,1966517.0,10765884.17,1140807310.0,1140940730.0,0.00929125062320998,25.12352384956976,2013-03-31 00:00:00,2013-04-19 00:00:00,-182.4335947665866,1.6554604874420902,6.392088229046407,1.8247744617521222
sz000615,2013-04-22,5.57,5.61,5.52,5.57,-0.00713,977203.0,5437333.07,1178904770.0,1179042650.0,0.004617014748358343,25.962528934620973,2013-03-31 00:00:00,2013-04-19 00:00:00,-188.52600101540028,1.710744920286054,6.6055532891381965,1.8857131685055475
sz000615,2013-04-19,5.56,5.66,5.49,5.61,0.008993000000000001,2012841.0,11226633.81,1187370870.0,1187509740.0,0.009510118780326824,26.14897109855366,2013-03-31 00:00:00,2013-04-19 00:00:00,-189.879844305297,1.723030125077859,6.652989101431402,1.8992548556261617
sz000615,2013-04-18,5.43,5.56,5.37,5.56,0.022059,1506519.0,8282722.98,1176788240.0,1176925880.0,0.007117886936055717,25.915909325985076,2012-12-31 00:00:00,2013-03-09 00:00:00,264.5333008577723,1.569400787845544,10.55970074740066,1.7988693430298512
sz000615,2013-04-17,5.39,5.55,5.39,5.44,0.0055450000000000004,1329640.0,7247137.43,1151389940.0,1151524600.0,0.006282182385578252,25.356568775369205,2012-12-31 00:00:00,2013-03-09 00:00:00,258.82390435167866,1.5355285632684064,10.331791753118615,1.7600445209423832
sz000615,2013-04-16,5.38,5.44,5.28,5.41,-0.005515,1838787.0,9843481.29,1145040360.0,1145174280.0,0.008687761599949193,25.216741941304672,2012-12-31 00:00:00,2013-03-09 00:00:00,257.39663998297306,1.5270610099681332,10.274817887930045,1.750338891787422
sz000615,2013-04-15,5.6,5.65,5.43,5.44,-0.037168,1994444.0,11049427.11,1151389940.0,1151524600.0,0.009423197982778972,25.356583499303333,2012-12-31 00:00:00,2013-03-09 00:00:00,258.8240546443366,1.535529454911973,10.331797752535278,1.7600455429568294
sz000615,2013-04-12,5.66,5.72,5.6,5.65,-0.005282,1439411.0,8151229.04,1195836980.0,1195976840.0,0.006800820083352833,26.33541832770757,2012-12-31 00:00:00,2013-03-09 00:00:00,268.8153848691533,1.594805173604505,10.730633955389182,1.8279882086977055
sz000615,2013-04-11,5.68,5.75,5.61,5.68,0.0053100000000000005,2189422.0,12442395.1,1202186550.0,1202327150.0,0.01034441531557644,26.475260654484554,2012-12-31 00:00:00,2013-03-09 00:00:00,270.24280737772244,1.6032736651035822,10.787614133240961,1.8376949132293832
sz000615,2013-04-10,5.75,5.92,5.58,5.65,-0.032534,3521944.0,20151215.69,1195836980.0,1195976840.0,0.016640214287402286,26.335419576533166,2012-12-31 00:00:00,2013-03-09 00:00:00,268.81539761637947,1.59480524923017,10.73063446423587,1.8279882953809106
sz000615,2013-04-09,5.8,5.96,5.77,5.84,0.010381,3825253.0,22439178.74,1236050960.0,1236195530.0,0.018073265781857407,27.221028518349137,2012-12-31 00:00:00,2013-03-09 00:00:00,277.85513663155035,1.6484354480986105,11.091484831752094,1.8894599865844492
sz000615,2013-04-08,5.54,5.92,5.4,5.78,0.017606,5348064.0,30326146.21,1223351810.0,1223494890.0,0.02526812783315374,26.941350360259285,2012-12-31 00:00:00,2013-03-09 00:00:00,275.00035791602414,1.631498858449051,10.977527122691434,1.8700470283828077
sz000615,2013-04-03,5.89,5.95,5.65,5.68,-0.034013999999999996,4897089.0,28303171.77,1202186550.0,1202327150.0,0.023137395373455143,26.475227504809606,2012-12-31 00:00:00,2013-03-09 00:00:00,270.24246900669226,1.6032716576445607,10.787600626068864,1.8376926122515072
sz000615,2013-04-02,5.64,5.95,5.6,5.88,0.037037,8367899.0,48697691.06,1244517060.0,1244662620.0,0.03953601577787933,27.407465019999883,2012-12-31 00:00:00,2013-03-09 00:00:00,279.7581631687129,1.6597255629424865,11.16745027988901,1.9024008756353687
sz000615,2013-04-01,5.42,5.67,5.35,5.67,0.036563,4183057.0,23197377.21,1200070030.0,1200210380.0,0.019763790943100212,26.428627927450883,2012-12-31 00:00:00,2013-03-09 00:00:00,269.7668098329306,1.6004497071391728,10.7686131544863,1.8344580527361787
sz000615,2013-03-29,5.55,5.73,5.4,5.47,-0.021467,5314085.0,29380802.55,1157739510.0,1157874920.0,0.025107586550276756,25.49640294651737,2012-12-31 00:00:00,2013-03-09 00:00:00,260.25124361271884,1.5439965608835864,10.388768607876512,1.7697506593773644
sz000615,2013-03-28,5.47,5.75,5.37,5.59,0.012681,10986618.0,61864296.07,1183137820.0,1183276200.0,0.051908740961386896,26.055741550379366,2012-12-31 00:00:00,2013-03-09 00:00:00,265.9606202475735,1.5778686675703186,10.616676808933898,1.808575346337185
sz000615,2013-03-27,5.29,5.77,5.29,5.52,0.033708,9264367.0,51272280.35,1168322140.0,1168458780.0,0.043771579848687965,25.72946618962869,2012-12-31 00:00:00,2013-03-09 00:00:00,262.63020659770797,1.5581102712209656,10.483732595885474,1.7859279934522174
sz000615,2013-03-26,5.3,5.38,5.24,5.34,0.0,3672886.0,19561356.94,1130224680.0,1130356870.0,0.017353373702651758,24.890458610776626,2012-12-31 00:00:00,2013-03-09 00:00:00,254.06614498263335,1.5073021309895691,10.141870427514805,1.727690985706038
sz000615,2013-03-25,5.27,5.35,5.2,5.34,0.011364,3273028.0,17362020.93,1130224680.0,1130356870.0,0.015464154897059936,24.890458610776626,2012-12-31 00:00:00,2013-03-09 00:00:00,254.06614498263335,1.5073021309895691,10.141870427514805,1.727690985706038
sz000615,2013-03-22,5.25,5.3,5.21,5.28,0.0038020000000000003,2253470.0,11853136.4,1117525530.0,1117656230.0,0.010647024412945627,24.610781687677857,2012-12-31 00:00:00,2013-03-09 00:00:00,251.21137887311923,1.4903656161278918,10.027913221663818,1.7082781132273228
sz000615,2013-03-21,5.19,5.28,5.16,5.26,0.015444,2321112.0,12153711.67,1113292480.0,1113422680.0,0.010966614200070767,24.517565902118,2012-12-31 00:00:00,2013-03-09 00:00:00,250.2598907684177,1.4847207079960907,9.98993150209286,1.701807839820326
sz000615,2013-03-20,5.1,5.2,5.06,5.18,0.015686000000000002,1475997.0,7585395.27,1096360270.0,1096488500.0,0.0069736788802096964,24.144675533183516,2012-12-31 00:00:00,2013-03-09 00:00:00,246.4536604366343,1.4621394266902856,9.837993530015302,1.6759248563390259
sz000615,2013-03-19,5.23,5.28,5.07,5.1,-0.022989,1909610.0,9799241.19,1079428070.0,1079554310.0,0.009022380713149324,23.771791216166722,2012-12-31 00:00:00,2013-03-09 00:00:00,242.64749187901998,1.439558511873045,9.68605802385314,1.6500422929320928
sz000615,2013-03-18,5.27,5.36,5.2,5.22,-0.005714,1671541.0,8815535.14,1104826370.0,1104955590.0,0.007897570384747423,24.331139788770773,2012-12-31 00:00:00,2013-03-09 00:00:00,248.35697026852307,1.4734312222411468,9.913970286775832,1.6888676718400233
sz000615,2013-03-15,5.19,5.3,5.19,5.25,0.015474000000000002,3081389.0,16188649.2,1111175950.0,1111305910.0,0.01455871345127655,24.470966893600806,2012-12-31 00:00:00,2013-03-09 00:00:00,249.78423740103258,1.4818987919382822,9.97094426229056,1.6985733197892994
sz000615,2013-03-14,5.15,5.23,5.1,5.17,0.005837,1401784.0,7272163.85,1094243750.0,1094371720.0,0.006623042882355964,24.098073307244505,2012-12-31 00:00:00,2013-03-09 00:00:00,245.97797422783108,1.4593173157936905,9.819004979241772,1.6726901129810308
sz000615,2013-03-13,5.16,5.18,5.07,5.14,0.0019489999999999998,836326.0,4282514.53,1087894170.0,1088021400.0,0.003951409758910648,23.958229123848596,2012-12-31 00:00:00,2013-03-09 00:00:00,244.5505327680639,1.4508487118625488,9.762024044891739,1.6629832795781334
sz000615,2013-03-12,5.29,5.29,5.02,5.13,-0.033898000000000005,2921288.0,15140248.79,1085777640.0,1085904630.0,0.013802280400616833,23.911625366010245,2012-12-31 00:00:00,2013-03-09 00:00:00,244.07483092259577,1.4480265081980708,9.743034869930245,1.659748429888281
sz000615,2013-03-11,5.17,5.4,5.15,5.31,0.027079000000000002,3623844.0,19213897.04,1123875100.0,1124006550.0,0.01712166382189622,24.750621948831746,2012-12-31 00:00:00,2013-03-09 00:00:00,252.6387802971071,1.498833982538149,10.084892557856463,1.7179846743804288
sz000615,2013-03-08,5.23,5.28,5.16,5.17,-0.020833,3011448.0,15667744.65,1094243750.0,1094371720.0,0.014228261445404644,24.098070303094254,2012-09-30 00:00:00,2012-10-27 00:00:00,-173.3356193261262,1.4078296717788104,46.533460944405654,1.7405341881477892
sz000615,2013-03-07,5.13,5.42,5.11,5.28,0.023256,7690709.0,40875539.44,1117525530.0,1117656230.0,0.036336479507541986,24.610786825019893,2012-09-30 00:00:00,2012-10-27 00:00:00,-177.02355096334557,1.4377830051245704,47.52351840330164,1.777566225319878
sz000615,2013-03-06,5.1,5.18,5.07,5.16,0.009785,3158086.0,16212063.77,1092127220.0,1092254950.0,0.01492108562224097,24.051446387824644,2012-09-30 00:00:00,2012-10-27 00:00:00,-173.00025698685917,1.4051058631706732,46.443429995330234,1.7371666770777578
sz000615,2013-03-05,4.95,5.16,4.94,5.11,0.032323000000000005,2483942.0,12548479.92,1081544590.0,1081671080.0,0.011735941113625284,23.818383505226006,2012-09-30 00:00:00,2012-10-27 00:00:00,-171.32385308442807,1.3914901322268338,45.9933847257884,1.7203332165537792
sz000615,2013-03-04,5.06,5.12,4.93,4.95,-0.033202999999999996,2218484.0,11110004.54,1047680180.0,1047802710.0,0.01048172525321611,23.07260760946526,2012-09-30 00:00:00,2012-10-27 00:00:00,-165.9595427830515,1.3479212729221706,44.55328877278565,1.666467972285592
sz000615,2013-03-01,5.14,5.19,5.06,5.12,-0.007751999999999999,3110763.0,15919418.21,1083661120.0,1083787860.0,0.01469749746119894,23.86499710845737,2012-09-30 00:00:00,2012-10-27 00:00:00,-171.65914124997437,1.3942133383969646,46.083395762280645,1.7236999828149981
sz000615,2013-02-28,5.01,5.21,4.97,5.16,0.025845,2902664.0,14840616.46,1092127220.0,1092254950.0,0.013714287095600455,24.051443901582434,2012-09-30 00:00:00,2012-10-27 00:00:00,-173.00023910350473,1.4051057179222983,46.44342519438754,1.7371664975036463
sz000615,2013-02-27,5.1,5.16,5.02,5.03,-0.017578,1531842.0,7794843.63,1064612389.9999999,1064736899.9999999,0.007237531079269143,23.445495081208602,2012-09-30 00:00:00,2012-10-27 00:00:00,-168.64169450892163,1.3697056747581733,45.273335829864685,1.6934005600296793
sz000615,2013-02-26,5.08,5.14,5.05,5.12,0.003922,1517099.0,7754195.6,1083661120.0,1083787860.0,0.00716787447352545,23.864993944769765,2012-09-30 00:00:00,2012-10-27 00:00:00,-171.65911849380575,1.3942131535716558,46.083389653188426,1.7236997543109573
sz000615,2013-02-25,5.06,5.13,5.05,5.1,0.0039369999999999995,1005631.0,5110318.99,1079428070.0,1079554310.0,0.00475132919231941,23.77176109774441,2012-09-30 00:00:00,2012-10-27 00:00:00,-170.98850159056755,1.3887664117049492,45.90335668825709,1.7169658143869317
sz000615,2013-02-22,5.05,5.14,5.04,5.08,0.0,1690779.0,8629616.83,1075195010.0,1075320770.0,0.007988464641404912,23.678538690918263,2012-09-30 00:00:00,2012-10-27 00:00:00,-170.3179597829023,1.3833202797635205,45.723343883388196,1.7102326285284157
sz000615,2013-02-21,5.14,5.14,5.03,5.08,-0.011673000000000001,1632850.0,8312589.75,1075195010.0,1075320770.0,0.007714766086944545,23.678538690918263,2012-09-30 00:00:00,2012-10-27 00:00:00,-170.3179597829023,1.3833202797635205,45.723343883388196,1.7102326285284157
sz000615,2013-02-20,5.1,5.16,5.06,5.14,0.011811,1239087.0,6351372.15,1087894170.0,1088021400.0,0.005854344434992238,23.95820279211057,2012-09-30 00:00:00,2012-10-27 00:00:00,-172.32956276910608,1.3996584933564704,46.2633762746421,1.730431960806915
sz000615,2013-02-19,5.18,5.18,5.06,5.08,-0.015503999999999999,1302101.0,6647260.27,1075195010.0,1075320770.0,0.0061520682466709,23.678535608043962,2012-09-30 00:00:00,2012-10-27 00:00:00,-170.3179376080178,1.3833200996593933,45.723337930346766,1.7102324058612872
sz000615,2013-02-18,5.14,5.18,5.08,5.16,0.013752,1859444.0,9531280.93,1092127220.0,1092254950.0,0.008785360225707037,24.051428962681374,2012-09-30 00:00:00,2012-10-27 00:00:00,-173.0001316491055,1.4051048451790493,46.44339634731555,1.7371654185098642
sz000615,2013-02-08,5.11,5.12,5.07,5.09,0.0019690000000000003,1130724.0,5756772.18,1077311540.0,1077437540.0,0.0053423591471042815,23.72516055473269,2012-09-30 00:00:00,2012-10-27 00:00:00,-170.6533073662054,1.3860439685239083,45.813370871096225,1.7135999914277493
sz000615,2013-02-07,5.15,5.15,5.05,5.08,-0.013591999999999998,1256877.0,6399009.93,1075195010.0,1075320770.0,0.005938397314548549,23.6785375143669,2012-09-30 00:00:00,2012-10-27 00:00:00,-170.3179513200562,1.3833202110283933,45.72334161146325,1.7102325435495003
sz000615,2013-02-06,5.14,5.16,5.09,5.15,-0.0019379999999999998,1451081.0,7437598.24,1090010690.0,1090138180.0,0.006855957669552764,24.00481090417647,2012-09-30 00:00:00,2012-10-27 00:00:00,-172.66481143710942,1.4023813787280652,46.35337670767396,1.733798330457073
sz000615,2013-02-05,5.04,5.22,4.95,5.16,0.032,4136674.0,21061425.33,1092127220.0,1092254950.0,0.019544644112065992,24.05142256109988,2012-09-30 00:00:00,2012-10-27 00:00:00,-173.00008560300807,1.405104471193238,46.44338398583852,1.7371649561420766
sz000615,2013-02-04,5.03,5.08,4.99,5.0,-0.005964,1725298.0,8665537.95,1058262810.0,1058386580.0000001,0.008151557362201928,23.30564201656965,2012-09-30 00:00:00,2012-10-27 00:00:00,-167.63574186337993,1.361535340303525,45.00327905604508,1.6832993761066635
sz000615,2013-02-01,5.0,5.04,4.95,5.03,0.006,1483544.0,7428928.88,1064612389.9999999,1064736899.9999999,0.007009336346348554,23.445470804447375,2012-09-30 00:00:00,2012-10-27 00:00:00,-168.64151988799188,1.3697042564892266,45.27328895135093,1.6933988065891608
sz000615,2013-01-31,5.0,5.01,4.95,5.0,0.0020039999999999997,1575805.0,7847462.64,1058262810.0,1058386580.0000001,0.007445244154427009,23.30563698255206,2012-09-30 00:00:00,2012-10-27 00:00:00,-167.63570565406746,1.3615350462119549,45.00326933533889,1.6832990125140763
sz000615,2013-01-30,5.03,5.04,4.97,4.99,0.004024,1452136.0,7251100.85,1056146280.0,1056269810.0,0.006860942255082317,23.259025894659167,2012-09-30 00:00:00,2012-10-27 00:00:00,-167.30043558116287,1.3588119869900273,44.913263155974334,1.6799324279285082
sz000615,2013-01-29,4.93,5.0,4.93,4.97,0.006072999999999999,1391245.0,6918621.16,1051913230.0,1052036260.0,0.006573249059715695,23.16580668854446,2012-09-30 00:00:00,2012-10-27 00:00:00,-166.62991679597584,1.3533660420368707,44.7332565316908,1.6731994732481572
sz000615,2013-01-28,4.87,4.97,4.85,4.94,0.014374000000000001,874335.0,4301772.77,1045563660.0,1045685940.0,0.004130991794416421,23.025969972899045,2012-09-30 00:00:00,2012-10-27 00:00:00,-165.62408174752315,1.3451966627042677,44.46323132783685,1.6630994701658404
sz000615,2013-01-25,4.83,4.9,4.82,4.87,0.0061979999999999995,887918.0,4312290.08,1030747980.0,1030868530.0,0.00419516772664449,22.69968470495009,2012-09-30 00:00:00,2012-10-27 00:00:00,-163.27713619190075,1.3261348010736353,43.833173294896014,1.6395328253344823
sz000615,2013-01-24,4.96,4.99,4.76,4.84,-0.020243,1390139.0,6792621.16,1024398400.0,1024518210.0,0.006568023495546265,22.55985870072301,2012-09-30 00:00:00,2012-10-27 00:00:00,-162.27137818987987,1.3179660475111612,43.56316877482962,1.6294335959070505
sz000615,2013-01-23,4.91,4.99,4.87,4.94,0.0020280000000000003,1021965.0,5026526.04,1045563660.0,1045685940.0,0.00482850283836376,23.025973481917465,2012-09-30 00:00:00,2012-10-27 00:00:00,-165.62410698763048,1.3451968677040953,44.46323810376412,1.663099723612131
sz000615,2013-01-22,5.0,5.08,4.9,4.93,-0.015968,2185406.0,10961488.98,1043447130.0,1043569170.0,0.010325440810786455,22.979371316886823,2012-09-30 00:00:00,2012-10-27 00:00:00,-165.28890109620738,1.3424743297633353,44.373249154478835,1.6597337834991945
sz000615,2013-01-21,5.02,5.04,4.98,5.01,-0.0019920000000000003,921980.0,4613861.4,1060379340.0000001,1060503350.0000001,0.004356101279755224,23.35226020788635,2012-09-30 00:00:00,2012-10-27 00:00:00,-167.9710630306813,1.3642588145134866,45.09329895214672,1.6866664737520678
sz000615,2013-01-18,5.01,5.04,4.92,5.02,0.008032,1101178.0,5489467.02,1062495860.0000001,1062620129.9999999,0.005202762446528496,23.398870758437155,2012-09-30 00:00:00,2012-10-27 00:00:00,-168.30632923852448,1.366981842343435,45.183304093901775,1.6900330195269655
sz000615,2013-01-17,5.05,5.06,4.98,4.98,-0.021611000000000002,1072690.0,5383114.26,1054029760.0,1054153030.0,0.005068164489017844,23.2124285324644,2012-09-30 00:00:00,2012-10-27 00:00:00,-166.96526423617945,1.3560897296350063,44.82328348098252,1.67656683471057
sz000615,2013-01-16,5.1,5.11,4.95,5.09,0.0,1627874.0,8192812.02,1077311540.0,1077437540.0,0.007691255827446163,23.725152809837805,2012-09-30 00:00:00,2012-10-27 00:00:00,-170.65325165775522,1.3860435160605917,45.8133559156762,1.7135994320363066
sz000615,2013-01-15,5.06,5.11,5.03,5.09,0.003945000000000001,1737846.0,8824523.25,1077311540.0,1077437540.0,0.008210843206970566,23.725152809837805,2012-09-30 00:00:00,2012-10-27 00:00:00,-170.65325165775522,1.3860435160605917,45.8133559156762,1.7135994320363066
sz000615,2013-01-14,4.93,5.07,4.88,5.07,0.032587,1508025.0,7548503.34,1073078490.0,1073203990.0,0.007125002337899812,23.631924866240485,2012-09-30 00:00:00,2012-10-27 00:00:00,-169.98267002450848,1.3805970606563025,45.63333241928212,1.7068658462727604
sz000615,2013-01-11,5.02,5.04,4.9,4.91,-0.021912,1231432.0,6083129.34,1039214080.0,1039335620.0,0.0058181766744345885,22.886134404404167,2012-09-30 00:00:00,2012-10-27 00:00:00,-164.6182549504386,1.337027350389171,44.19320833913475,1.6529995499389019
sz000615,2013-01-10,4.94,5.06,4.94,5.02,0.014140999999999999,1926196.0,9646896.63,1062495860.0000001,1062620129.9999999,0.009100745032550053,23.398850005729717,2012-09-30 00:00:00,2012-10-27 00:00:00,-168.3061799658503,1.3669806299526943,45.18326402034863,1.6900315206186987
sz000615,2013-01-09,4.89,5.05,4.86,4.95,0.014343999999999999,1767196.0,8772838.92,1047680180.0,1047802710.0,0.008349513875503495,23.072580642859048,2012-09-30 00:00:00,2012-10-27 00:00:00,-165.9593488142678,1.347919697510203,44.55323670017152,1.666466024565321
sz000615,2013-01-08,4.86,4.9,4.8,4.88,0.002053,1281694.0,6232347.39,1032864500.0,1032985300.0,0.006055650784783483,22.746307606550687,2012-09-30 00:00:00,2012-10-27 00:00:00,-163.61249123992235,1.3288585504623707,43.92320228657291,1.6429002631901217
sz000615,2013-01-07,4.82,4.88,4.76,4.87,0.004124,1293006.0,6236278.78,1030747980.0,1030868530.0,0.006109096832767986,22.69970511195584,2012-09-30 00:00:00,2012-10-27 00:00:00,-163.27728297796855,1.3261359932681909,43.83321270089797,1.6395342992737127
sz000615,2013-01-04,4.88,4.91,4.77,4.85,-0.006148,1251081.0,6060614.22,1026514930.0,1026634980.0,0.005911012760428141,22.606476004911585,2012-09-30 00:00:00,2012-10-27 00:00:00,-162.60669297613495,1.3206894698943465,43.65318695788365,1.6328006294777464
